Initial conditions:
    myIntegrator.particle_v[0].pos.x = -30;
    myIntegrator.particle_v[0].pos.y = 0;
    myIntegrator.particle_v[0].vel.x = 0;
    myIntegrator.particle_v[0].vel.y = -3;

    myIntegrator.particle_v[1].pos.x = 30;
    myIntegrator.particle_v[1].pos.y = 0;
    myIntegrator.particle_v[1].vel.x = 0;
    myIntegrator.particle_v[1].vel.y = 3;

    h = 0.1

Mene:

-24.3324
-24.3314
-24.3303
-24.329
-24.3276
-24.3261
-24.3245
-24.3227
-24.3208
-24.3188
-24.3167
-24.3144
-24.312
-24.3095
-24.3069
-24.3042
-24.3013
-24.2983
-24.2952
-24.2919
-24.2886
-24.2851
-24.2815
-24.2778
-24.2739
-24.27
-24.2659
-24.2617
-24.2573
-24.2529
-24.2483
-24.2437
-24.2389
-24.234
-24.2289
-24.2238
-24.2185
-24.2132
-24.2077
-24.2021
-24.1964
-24.1906
-24.1846
-24.1786
-24.1724
-24.1662
-24.1598
-24.1533
-24.1467
-24.14
-24.1332
-24.1263
-24.1193
-24.1122
-24.105
-24.0977
-24.0903
-24.0828
-24.0751
-24.0674
-24.0596
-24.0517
-24.0437
-24.0356
-24.0274
-24.0192
-24.0108
-24.0023
-23.9938
-23.9852
-23.9764
-23.9676
-23.9587
-23.9497
-23.9407
-23.9315
-23.9223
-23.913
-23.9036
-23.8941
-23.8846
-23.875
-23.8653
-23.8555
-23.8457
-23.8358
-23.8258
-23.8157
-23.8056
-23.7954
-23.7852
-23.7749
-23.7645
-23.754
-23.7435
-23.7329
-23.7223
-23.7116
-23.7009
-23.6901
-23.6792
-23.6683
-23.6574
-23.6463
-23.6353
-23.6242
-23.613
-23.6018
-23.5905
-23.5792
-23.5679
-23.5565
-23.5451
-23.5336
-23.5221
-23.5105
-23.4989
-23.4873
-23.4757
-23.464
-23.4522
-23.4405
-23.4287
-23.4169
-23.405
-23.3931
-23.3812
-23.3693
-23.3574
-23.3454
-23.3334
-23.3214
-23.3093
-23.2972
-23.2852
-23.2731
-23.261
-23.2488
-23.2367
-23.2245
-23.2123
-23.2002
-23.188
-23.1758
-23.1635
-23.1513
-23.1391
-23.1269
-23.1146
-23.1024
-23.0901
-23.0779
-23.0656
-23.0534
-23.0411
-23.0289
-23.0166
-23.0044
-22.9921
-22.9799
-22.9676
-22.9554
-22.9432
-22.931
-22.9188
-22.9066
-22.8944
-22.8822
-22.8701
-22.8579
-22.8458
-22.8336
-22.8215
-22.8094
-22.7974
-22.7853
-22.7733
-22.7612
-22.7492
-22.7372
-22.7253
-22.7133
-22.7014
-22.6895
-22.6776
-22.6658
-22.6539
-22.6421
-22.6303
-22.6186
-22.6068
-22.5951
-22.5835
-22.5718
-22.5602
-22.5486
-22.5371
-22.5255
-22.514
-22.5026
-22.4911
-22.4797
-22.4684
-22.457
-22.4457
-22.4345
-22.4232
-22.4121
-22.4009
-22.3898
-22.3787
-22.3676
-22.3566
-22.3457
-22.3347
-22.3238
-22.313
-22.3022
-22.2914
-22.2807
-22.27
-22.2594
-22.2487
-22.2382
-22.2277
-22.2172
-22.2068
-22.1964
-22.186
-22.1757
-22.1655
-22.1553
-22.1451
-22.135
-22.1249
-22.1149
-22.1049
-22.095
-22.0851
-22.0753
-22.0655
-22.0558
-22.0461
-22.0364
-22.0269
-22.0173
-22.0078
-21.9984
-21.989
-21.9797
-21.9704
-21.9611
-21.9519
-21.9428
-21.9337
-21.9247
-21.9157
-21.9068
-21.8979
-21.8891
-21.8803
-21.8716
-21.863
-21.8544
-21.8458
-21.8373
-21.8289
-21.8205
-21.8121
-21.8039
-21.7956
-21.7875
-21.7794
-21.7713
-21.7633
-21.7553
-21.7475
-21.7396
-21.7318
-21.7241
-21.7164
-21.7088
-21.7013
-21.6938
-21.6863
-21.679
-21.6716
-21.6644
-21.6571
-21.65
-21.6429
-21.6359
-21.6289
-21.622
-21.6151
-21.6083
-21.6015
-21.5948
-21.5882
-21.5816
-21.5751
-21.5687
-21.5623
-21.5559
-21.5496
-21.5434
-21.5372
-21.5311
-21.5251
-21.5191
-21.5132
-21.5073
-21.5015
-21.4957
-21.4901
-21.4844
-21.4788
-21.4733
-21.4679
-21.4625
-21.4572
-21.4519
-21.4467
-21.4415
-21.4364
-21.4314
-21.4264
-21.4215
-21.4166
-21.4118
-21.4071
-21.4024
-21.3978
-21.3933
-21.3888
-21.3843
-21.38
-21.3756
-21.3714
-21.3672
-21.3631
-21.359
-21.355
-21.351
-21.3471
-21.3433
-21.3395
-21.3358
-21.3321
-21.3286
-21.325
-21.3216
-21.3181
-21.3148
-21.3115
-21.3083
-21.3051
-21.302
-21.2989
-21.2959
-21.293
-21.2901
-21.2873
-21.2846
-21.2819
-21.2793
-21.2767
-21.2742
-21.2717
-21.2694
-21.267
-21.2648
-21.2626
-21.2604
-21.2583
-21.2563
-21.2543
-21.2524
-21.2506
-21.2488
-21.247
-21.2454
-21.2438
-21.2422
-21.2407
-21.2393
-21.2379
-21.2366
-21.2354
-21.2342
-21.2331
-21.232
-21.231
-21.23
-21.2291
-21.2283
-21.2275
-21.2268
-21.2261
-21.2255
-21.225
-21.2245
-21.2241
-21.2238
-21.2235
-21.2232
-21.223
-21.2229
-21.2228
-21.2228
-21.2229
-21.223
-21.2232
-21.2234
-21.2237
-21.224
-21.2244
-21.2249
-21.2254
-21.226
-21.2266
-21.2273
-21.2281
-21.2289
-21.2298
-21.2307
-21.2317
-21.2327
-21.2338
-21.235
-21.2362
-21.2375
-21.2388
-21.2402
-21.2416
-21.2431
-21.2447
-21.2463
-21.248
-21.2497
-21.2515
-21.2534
-21.2553
-21.2572
-21.2592
-21.2613
-21.2634
-21.2656
-21.2679
-21.2702
-21.2725
-21.2749
-21.2774
-21.2799
-21.2825
-21.2851
-21.2878
-21.2906
-21.2934
-21.2962
-21.2991
-21.3021
-21.3051
-21.3082
-21.3113
-21.3145
-21.3177
-21.321
-21.3244
-21.3278
-21.3312
-21.3347
-21.3383
-21.3419
-21.3456
-21.3493
-21.3531
-21.3569
-21.3608
-21.3647
-21.3687
-21.3727
-21.3768
-21.381
-21.3851
-21.3894
-21.3937
-21.398
-21.4024
-21.4069
-21.4114
-21.416
-21.4206
-21.4252
-21.4299
-21.4347
-21.4395
-21.4444
-21.4493
-21.4542
-21.4592
-21.4643
-21.4694
-21.4745
-21.4797
-21.485
-21.4903
-21.4956
-21.501
-21.5065
-21.512
-21.5175
-21.5231
-21.5287
-21.5344
-21.5401
-21.5459
-21.5517
-21.5576
-21.5635
-21.5695
-21.5755
-21.5815
-21.5876
-21.5937
-21.5999
-21.6061
-21.6124
-21.6187
-21.625
-21.6314
-21.6379
-21.6443
-21.6509
-21.6574
-21.664
-21.6707
-21.6774
-21.6841
-21.6908
-21.6976
-21.7045
-21.7114
-21.7183
-21.7253
-21.7323
-21.7393
-21.7464
-21.7535
-21.7606
-21.7678
-21.775
-21.7823
-21.7896
-21.7969
-21.8043
-21.8116
-21.8191
-21.8265
-21.834
-21.8416
-21.8491
-21.8567
-21.8643
-21.872
-21.8797
-21.8874
-21.8951
-21.9029
-21.9107
-21.9185
-21.9264
-21.9343
-21.9422
-21.9501
-21.9581
-21.9661
-21.9741
-21.9821
-21.9902
-21.9983
-22.0064
-22.0145
-22.0227
-22.0309
-22.0391
-22.0473
-22.0555
-22.0638
-22.0721
-22.0804
-22.0887
-22.097
-22.1054
-22.1137
-22.1221
-22.1305
-22.1389
-22.1473
-22.1558
-22.1642
-22.1727
-22.1812
-22.1897
-22.1981
-22.2067
-22.2152
-22.2237
-22.2322
-22.2408
-22.2493
-22.2578
-22.2664
-22.275
-22.2835
-22.2921
-22.3006
-22.3092
-22.3178
-22.3263
-22.3349
-22.3435
-22.352
-22.3606
-22.3692
-22.3777
-22.3863
-22.3948
-22.4034
-22.4119
-22.4204
-22.4289
-22.4374
-22.4459
-22.4544
-22.4629
-22.4713
-22.4798
-22.4882
-22.4966
-22.505
-22.5134
-22.5218
-22.5301
-22.5384
-22.5468
-22.555
-22.5633
-22.5716
-22.5798
-22.588
-22.5961
-22.6043
-22.6124
-22.6205
-22.6286
-22.6366
-22.6446
-22.6526
-22.6605
-22.6684
-22.6763
-22.6841
-22.6919
-22.6997
-22.7074
-22.7151
-22.7228
-22.7304
-22.738
-22.7455
-22.753
-22.7605
-22.7679
-22.7752
-22.7825
-22.7898
-22.797
-22.8042
-22.8113
-22.8184
-22.8254
-22.8324
-22.8393
-22.8461
-22.8529
-22.8597
-22.8664
-22.873
-22.8796
-22.8861
-22.8925
-22.8989
-22.9053
-22.9115
-22.9178
-22.9239
-22.93
-22.936
-22.9419
-22.9478
-22.9536
-22.9593
-22.965
-22.9706
-22.9761
-22.9816
-22.987
-22.9923
-22.9975
-23.0026
-23.0077
-23.0127
-23.0176
-23.0225
-23.0272
-23.0319
-23.0365
-23.041
-23.0454
-23.0498
-23.0541
-23.0582
-23.0623
-23.0663
-23.0703
-23.0741
-23.0778
-23.0815
-23.0851
-23.0885
-23.0919
-23.0952
-23.0984
-23.1015
-23.1045
-23.1074
-23.1103
-23.113
-23.1156
-23.1182
-23.1206
-23.123
-23.1252
-23.1274
-23.1294
-23.1314
-23.1332
-23.135
-23.1366
-23.1382
-23.1396
-23.141
-23.1422
-23.1434
-23.1444
-23.1454
-23.1462
-23.1469
-23.1476
-23.1481
-23.1485
-23.1488
-23.1491
-23.1492
-23.1492
-23.1491
-23.1489
-23.1486
-23.1481
-23.1476
-23.147
-23.1463
-23.1454
-23.1445
-23.1434
-23.1423
-23.141
-23.1396
-23.1382
-23.1366
-23.1349
-23.1331
-23.1312
-23.1292
-23.1271
-23.1249
-23.1226
-23.1201
-23.1176
-23.115
-23.1122
-23.1094
-23.1064
-23.1034
-23.1002
-23.097
-23.0936
-23.0902
-23.0866
-23.0829
-23.0791
-23.0753
-23.0713
-23.0672
-23.063
-23.0588
-23.0544
-23.0499
-23.0454
-23.0407
-23.0359
-23.031
-23.0261
-23.021
-23.0159
-23.0106
-23.0053
-22.9998
-22.9943
-22.9887
-22.983
-22.9771
-22.9712
-22.9653
-22.9592
-22.953
-22.9467
-22.9404
-22.934
-22.9274
-22.9208
-22.9141
-22.9074
-22.9005
-22.8935
-22.8865
-22.8794
-22.8722
-22.8649
-22.8576
-22.8502
-22.8427
-22.8351
-22.8274
-22.8197
-22.8119
-22.804
-22.796
-22.788
-22.7799
-22.7717
-22.7635
-22.7551
-22.7468
-22.7383
-22.7298
-22.7212
-22.7126
-22.7039
-22.6951
-22.6863
-22.6774
-22.6684
-22.6594
-22.6503
-22.6412
-22.632
-22.6227
-22.6134
-22.6041
-22.5947
-22.5852
-22.5757
-22.5661
-22.5565
-22.5468
-22.5371
-22.5273
-22.5175
-22.5077
-22.4978
-22.4878
-22.4779
-22.4678
-22.4578
-22.4476
-22.4375
-22.4273
-22.4171
-22.4068
-22.3965
-22.3862
-22.3758
-22.3654
-22.355
-22.3445
-22.334
-22.3235
-22.313
-22.3024
-22.2918
-22.2811
-22.2705
-22.2598
-22.2491
-22.2384
-22.2276
-22.2168
-22.206
-22.1952
-22.1844
-22.1735
-22.1627
-22.1518
-22.1409
-22.13
-22.119
-22.1081
-22.0971
-22.0861
-22.0752
-22.0642
-22.0532
-22.0422
-22.0312
-22.0201
-22.0091
-21.9981
-21.987
-21.976
-21.9649
-21.9539
-21.9428
-21.9318
-21.9207
-21.9097
-21.8986
-21.8875
-21.8765
-21.8654
-21.8544
-21.8434
-21.8323
-21.8213
-21.8103
-21.7992
-21.7882
-21.7772
-21.7662
-21.7552
-21.7443
-21.7333
-21.7223
-21.7114
-21.7004
-21.6895
-21.6786
-21.6677
-21.6568
-21.646
-21.6351
-21.6243
-21.6135
-21.6027
-21.5919
-21.5811
-21.5704
-21.5597
-21.5489
-21.5383
-21.5276
-21.5169
-21.5063
-21.4957
-21.4851
-21.4746
-21.464
-21.4535
-21.4431
-21.4326
-21.4222
-21.4117
-21.4014
-21.391
-21.3807
-21.3704
-21.3601
-21.3499
-21.3396
-21.3294
-21.3193
-21.3092
-21.2991
-21.289
-21.2789
-21.2689
-21.259
-21.249
-21.2391
-21.2292
-21.2194
-21.2096
-21.1998
-21.19
-21.1803
-21.1707
-21.161
-21.1514
-21.1418
-21.1323
-21.1228
-21.1133
-21.1039
-21.0945
-21.0852
-21.0759
-21.0666
-21.0573
-21.0481
-21.039
-21.0299
-21.0208
-21.0117
-21.0027
-20.9938
-20.9848
-20.9759
-20.9671
-20.9583
-20.9495
-20.9408
-20.9321
-20.9235
-20.9149
-20.9063
-20.8978
-20.8893
-20.8809
-20.8725
-20.8642
-20.8559
-20.8476
-20.8394
-20.8313
-20.8231
-20.815
-20.807
-20.799
-20.7911
-20.7832
-20.7753
-20.7675
-20.7597
-20.752
-20.7443
-20.7367
-20.7291
-20.7216
-20.7141
-20.7066
-20.6992
-20.6918
-20.6845
-20.6773
-20.67
-20.6629
-20.6558
-20.6487
-20.6416
-20.6347
-20.6277
-20.6208
-20.614
-20.6072
-20.6005
-20.5938
-20.5871
-20.5805
-20.5739
-20.5674
-20.561
-20.5546
-20.5482
-20.5419
-20.5356
-20.5294
-20.5232
-20.5171
-20.5111
-20.505
-20.4991
-20.4931
-20.4873
-20.4814
-20.4757
-20.4699
-20.4643
-20.4586
-20.453
-20.4475
-20.442
-20.4366
-20.4312
-20.4259
-20.4206
-20.4154
-20.4102
-20.4051
-20.4
-20.3949
-20.39
-20.385
-20.3801
-20.3753
-20.3705
-20.3658
-20.3611
-20.3565
-20.3519
-20.3474
-20.3429
-20.3384
-20.3341
-20.3297
-20.3254
-20.3212
-20.317
-20.3129
-20.3088
-20.3048
-20.3008
-20.2969
-20.293
-20.2892
-20.2854
-20.2817
-20.278
-20.2744
-20.2708
-20.2673
-20.2638
-20.2604
-20.257
-20.2537
-20.2504
-20.2472
-20.244
-20.2409
-20.2378
-20.2348
-20.2318
-20.2289
-20.226
-20.2232
-20.2204
-20.2177
-20.215
-20.2124
-20.2098
-20.2073
-20.2049
-20.2024
-20.2001
-20.1978
-20.1955
-20.1933
-20.1911
-20.189
-20.1869
-20.1849
-20.183
-20.1811
-20.1792
-20.1774
-20.1756
-20.1739
-20.1722
-20.1706
-20.1691
-20.1676
-20.1661
-20.1647
-20.1633
-20.162
-20.1608
-20.1596
-20.1584
-20.1573
-20.1562
-20.1552
-20.1543
-20.1534
-20.1525
-20.1517
-20.1509
-20.1502
-20.1496
-20.1489
-20.1484
-20.1479
-20.1474
-20.147
-20.1466
-20.1463
-20.1461
-20.1459
-20.1457
-20.1456
-20.1455
-20.1455
-20.1455
-20.1456
-20.1458
-20.1459
-20.1462
-20.1465
-20.1468
-20.1472
-20.1476
-20.1481
-20.1486
-20.1492
-20.1498
-20.1505
-20.1512
-20.152
-20.1528
-20.1537
-20.1546
-20.1555
-20.1566
-20.1576
-20.1587
-20.1599
-20.1611
-20.1624
-20.1637
-20.165
-20.1664
-20.1679
-20.1694
-20.1709
-20.1725
-20.1742
-20.1759
-20.1776
-20.1794
-20.1812
-20.1831
-20.185
-20.187
-20.189
-20.1911
-20.1932
-20.1954
-20.1976
-20.1999
-20.2022
-20.2045
-20.2069
-20.2094
-20.2119
-20.2144
-20.217
-20.2197
-20.2223
-20.2251
-20.2278
-20.2307
-20.2335
-20.2365
-20.2394
-20.2424
-20.2455
-20.2486
-20.2517
-20.2549
-20.2582
-20.2614
-20.2648
-20.2681
-20.2716
-20.275
-20.2785
-20.2821
-20.2857
-20.2893
-20.293
-20.2967
-20.3005
-20.3043
-20.3082
-20.3121
-20.3161
-20.3201
-20.3241
-20.3282
-20.3323
-20.3365
-20.3407
-20.345
-20.3493
-20.3536
-20.358
-20.3625
-20.3669
-20.3715
-20.376
-20.3806
-20.3853
-20.3899
-20.3947
-20.3994
-20.4043
-20.4091
-20.414
-20.4189
-20.4239
-20.4289
-20.434
-20.4391
-20.4442
-20.4494
-20.4546
-20.4599
-20.4652
-20.4705
-20.4759
-20.4813
-20.4868
-20.4923
-20.4978
-20.5034
-20.509
-20.5147
-20.5203
-20.5261
-20.5318
-20.5376
-20.5435
-20.5493
-20.5553
-20.5612
-20.5672
-20.5732
-20.5793
-20.5854
-20.5915
-20.5977
-20.6039
-20.6101
-20.6164
-20.6227
-20.629
-20.6354
-20.6418
-20.6482
-20.6547
-20.6612
-20.6677
-20.6743
-20.6809
-20.6875
-20.6942
-20.7009
-20.7076
-20.7144
-20.7212
-20.728
-20.7348
-20.7417
-20.7486
-20.7556
-20.7625
-20.7695
-20.7765
-20.7836
-20.7907
-20.7978
-20.8049
-20.8121
-20.8193
-20.8265
-20.8337
-20.841
-20.8483
-20.8556
-20.8629
-20.8703
-20.8776
-20.8851
-20.8925
-20.8999
-20.9074
-20.9149
-20.9224
-20.93
-20.9375
-20.9451
-20.9527
-20.9603
-20.9679
-20.9756
-20.9833
-20.991
-20.9987
-21.0064
-21.0141
-21.0219
-21.0297
-21.0375
-21.0453
-21.0531
-21.0609
-21.0688
-21.0766
-21.0845
-21.0924
-21.1003
-21.1082
-21.1161
-21.124
-21.1319
-21.1399
-21.1478
-21.1558
-21.1637
-21.1717
-21.1797
-21.1877
-21.1957
-21.2037
-21.2117
-21.2197
-21.2277
-21.2357
-21.2437
-21.2517
-21.2597
-21.2677
-21.2757
-21.2838
-21.2918
-21.2998
-21.3078
-21.3158
-21.3238
-21.3318
-21.3398
-21.3478
-21.3558
-21.3637
-21.3717
-21.3797
-21.3876
-21.3956
-21.4035
-21.4114
-21.4193
-21.4272
-21.4351
-21.443
-21.4508
-21.4587
-21.4665
-21.4743
-21.4821
-21.4899
-21.4977
-21.5054
-21.5132
-21.5209
-21.5286
-21.5362
-21.5439
-21.5515
-21.5591
-21.5667
-21.5742
-21.5817
-21.5892
-21.5967
-21.6042
-21.6116
-21.619
-21.6263
-21.6337
-21.641
-21.6483
-21.6555
-21.6627
-21.6699
-21.677
-21.6841
-21.6912
-21.6982
-21.7052
-21.7122
-21.7191
-21.7259
-21.7328
-21.7396
-21.7463
-21.753
-21.7597
-21.7663
-21.7729
-21.7795
-21.786
-21.7924
-21.7988
-21.8051
-21.8114
-21.8177
-21.8239
-21.83
-21.8361
-21.8422
-21.8482
-21.8541
-21.86
-21.8658
-21.8716
-21.8773
-21.883
-21.8886
-21.8941
-21.8996
-21.905
-21.9104
-21.9157
-21.921
-21.9261
-21.9312
-21.9363
-21.9413
-21.9462
-21.9511
-21.9558
-21.9606
-21.9652
-21.9698
-21.9743
-21.9788
-21.9831
-21.9875
-21.9917
-21.9958
-21.9999
-22.004
-22.0079
-22.0118
-22.0156
-22.0193
-22.0229
-22.0265
-22.03
-22.0334
-22.0367
-22.04
-22.0431
-22.0462
-22.0493
-22.0522
-22.055
-22.0578
-22.0605
-22.0631
-22.0656
-22.0681
-22.0704
-22.0727
-22.0749
-22.077
-22.079
-22.081
-22.0828
-22.0846
-22.0863
-22.0878
-22.0893
-22.0908
-22.0921
-22.0933
-22.0945
-22.0955
-22.0965
-22.0974
-22.0982
-22.0989
-22.0995
-22.1
-22.1005
-22.1008
-22.101
-22.1012
-22.1013
-22.1013
-22.1011
-22.1009
-22.1006
-22.1003
-22.0998
-22.0992
-22.0986
-22.0978
-22.097
-22.096
-22.095
-22.0939
-22.0927
-22.0914
-22.09
-22.0885
-22.0869
-22.0852
-22.0835
-22.0816
-22.0797
-22.0777
-22.0755
-22.0733
-22.071
-22.0686
-22.0661
-22.0635
-22.0609
-22.0581
-22.0553
-22.0523
-22.0493
-22.0462
-22.043
-22.0397
-22.0363
-22.0328
-22.0293
-22.0256
-22.0219
-22.0181
-22.0142
-22.0102
-22.0061
-22.002
-21.9977
-21.9934
-21.989
-21.9845
-21.9799
-21.9753
-21.9705
-21.9657
-21.9608
-21.9558
-21.9507
-21.9456
-21.9404
-21.935
-21.9297
-21.9242
-21.9187
-21.913
-21.9073
-21.9016
-21.8957
-21.8898
-21.8838
-21.8777
-21.8716
-21.8654
-21.8591
-21.8527
-21.8463
-21.8398
-21.8333
-21.8266
-21.8199
-21.8131
-21.8063
-21.7994
-21.7924
-21.7854
-21.7783
-21.7711
-21.7639
-21.7566
-21.7493
-21.7418
-21.7344
-21.7268
-21.7192
-21.7116
-21.7039
-21.6961
-21.6883
-21.6804
-21.6725
-21.6645
-21.6564
-21.6484
-21.6402
-21.632
-21.6238
-21.6155
-21.6071
-21.5987
-21.5903
-21.5818
-21.5732
-21.5647
-21.556
-21.5474
-21.5386
-21.5299
-21.5211
-21.5122
-21.5034
-21.4944
-21.4855
-21.4765
-21.4674
-21.4584
-21.4492
-21.4401
-21.4309
-21.4217
-21.4124
-21.4032
-21.3938
-21.3845
-21.3751
-21.3657
-21.3563
-21.3468
-21.3373
-21.3278
-21.3182
-21.3087
-21.2991
-21.2895
-21.2798
-21.2701
-21.2605
-21.2507
-21.241
-21.2313
-21.2215
-21.2117
-21.2019
-21.1921
-21.1822
-21.1724
-21.1625
-21.1526
-21.1427
-21.1328
-21.1228
-21.1129
-21.1029
-21.093
-21.083
-21.073
-21.063
-21.053
-21.043
-21.033
-21.0229
-21.0129
-21.0029
-20.9928
-20.9828
-20.9727
-20.9627
-20.9526
-20.9425
-20.9325
-20.9224
-20.9124
-20.9023
-20.8922
-20.8822
-20.8721
-20.8621
-20.852
-20.8419
-20.8319
-20.8219
-20.8118
-20.8018
-20.7918
-20.7817
-20.7717
-20.7617
-20.7517
-20.7417
-20.7318
-20.7218
-20.7118
-20.7019
-20.6919
-20.682
-20.6721
-20.6622
-20.6523
-20.6424
-20.6326
-20.6227
-20.6129
-20.6031
-20.5932
-20.5835
-20.5737
-20.5639
-20.5542
-20.5445
-20.5348
-20.5251
-20.5154
-20.5057
-20.4961
-20.4865
-20.4769
-20.4673
-20.4578
-20.4483
-20.4387
-20.4293
-20.4198
-20.4103
-20.4009
-20.3915
-20.3822
-20.3728
-20.3635
-20.3542
-20.3449
-20.3356
-20.3264
-20.3172
-20.308
-20.2989
-20.2898
-20.2807
-20.2716
-20.2626
-20.2536
-20.2446
-20.2356
-20.2267
-20.2178
-20.2089
-20.2001
-20.1913
-20.1825
-20.1737
-20.165
-20.1563
-20.1476
-20.139
-20.1304
-20.1218
-20.1133
-20.1048
-20.0963
-20.0879
-20.0795
-20.0711
-20.0627
-20.0544
-20.0462
-20.0379
-20.0297
-20.0215
-20.0134
-20.0053
-19.9972
-19.9892
-19.9812
-19.9732
-19.9653
-19.9574
-19.9495
-19.9417
-19.9339
-19.9261
-19.9184
-19.9107
-19.9031
-19.8954
-19.8879
-19.8803
-19.8728
-19.8654
-19.8579
-19.8505
-19.8432
-19.8359
-19.8286
-19.8213
-19.8141
-19.807
-19.7999
-19.7928
-19.7857
-19.7787
-19.7717
-19.7648
-19.7579
-19.751
-19.7442
-19.7375
-19.7307
-19.724
-19.7174
-19.7107
-19.7042
-19.6976
-19.6911
-19.6846
-19.6782
-19.6718
-19.6655
-19.6592
-19.6529
-19.6467
-19.6405
-19.6344
-19.6283
-19.6222
-19.6162
-19.6102
-19.6043
-19.5984
-19.5926
-19.5867
-19.581
-19.5752
-19.5696
-19.5639
-19.5583
-19.5527
-19.5472
-19.5417
-19.5363
-19.5309
-19.5255
-19.5202
-19.5149
-19.5097
-19.5045
-19.4994
-19.4942
-19.4892
-19.4842
-19.4792
-19.4742
-19.4693
-19.4645
-19.4597
-19.4549
-19.4502
-19.4455
-19.4408
-19.4362
-19.4317
-19.4272
-19.4227
-19.4182
-19.4138
-19.4095
-19.4052
-19.4009
-19.3967
-19.3925
-19.3884
-19.3843
-19.3803
-19.3762
-19.3723
-19.3684
-19.3645
-19.3606
-19.3568
-19.3531
-19.3494
-19.3457
-19.3421
-19.3385
-19.335
-19.3315
-19.328
-19.3246
-19.3212
-19.3179
-19.3146
-19.3114
-19.3082
-19.305
-19.3019
-19.2989
-19.2958
-19.2929
-19.2899
-19.287
-19.2842
-19.2813
-19.2786
-19.2759
-19.2732
-19.2705
-19.2679
-19.2654
-19.2629
-19.2604
-19.258
-19.2556
-19.2532
-19.251
-19.2487
-19.2465
-19.2443
-19.2422
-19.2401
-19.2381
-19.2361
-19.2341
-19.2322
-19.2303
-19.2285
-19.2267
-19.225
-19.2233
-19.2216
-19.22
-19.2184
-19.2169
-19.2154
-19.214
-19.2126
-19.2112
-19.2099
-19.2086
-19.2074
-19.2062
-19.2051
-19.204
-19.2029
-19.2019
-19.2009
-19.2
-19.1991
-19.1982
-19.1974
-19.1967
-19.196
-19.1953
-19.1946
-19.194
-19.1935
-19.193
-19.1925
-19.1921
-19.1917
-19.1914
-19.1911
-19.1908
-19.1906
-19.1904
-19.1903
-19.1902
-19.1902
-19.1902
-19.1902
-19.1903
-19.1904
-19.1906
-19.1908
-19.191
-19.1913
-19.1916
-19.192
-19.1924
-19.1929
-19.1934
-19.1939
-19.1945
-19.1951
-19.1958
-19.1965
-19.1973
-19.1981
-19.1989
-19.1998
-19.2007
-19.2016
-19.2026
-19.2037
-19.2047
-19.2059
-19.207
-19.2082
-19.2095
-19.2108
-19.2121
-19.2135
-19.2149
-19.2163
-19.2178
-19.2193
-19.2209
-19.2225
-19.2242
-19.2259
-19.2276
-19.2294
-19.2312
-19.2331
-19.235
-19.2369
-19.2389
-19.2409
-19.243
-19.2451
-19.2472
-19.2494
-19.2516
-19.2539
-19.2562
-19.2585
-19.2609
-19.2633
-19.2658
-19.2683
-19.2708
-19.2734
-19.276
-19.2787
-19.2814
-19.2841
-19.2869
-19.2897
-19.2926
-19.2955
-19.2984
-19.3014
-19.3044
-19.3074
-19.3105
-19.3137
-19.3168
-19.32
-19.3233
-19.3266
-19.3299
-19.3333
-19.3367
-19.3401
-19.3436
-19.3471
-19.3506
-19.3542
-19.3579
-19.3615
-19.3652
-19.369
-19.3728
-19.3766
-19.3804
-19.3843
-19.3883
-19.3922
-19.3962
-19.4003
-19.4044
-19.4085
-19.4126
-19.4168
-19.421
-19.4253
-19.4296
-19.4339
-19.4383
-19.4427
-19.4472
-19.4516
-19.4561
-19.4607
-19.4653
-19.4699
-19.4746
-19.4793
-19.484
-19.4887
-19.4935
-19.4984
-19.5032
-19.5081
-19.5131
-19.518
-19.523
-19.5281
-19.5332
-19.5383
-19.5434
-19.5486
-19.5538
-19.559
-19.5643
-19.5696
-19.5749
-19.5803
-19.5857
-19.5911
-19.5966
-19.6021
-19.6076
-19.6132
-19.6188
-19.6244
-19.6301
-19.6358
-19.6415
-19.6472
-19.653
-19.6588
-19.6646
-19.6705
-19.6764
-19.6823
-19.6883
-19.6943
-19.7003
-19.7064
-19.7124
-19.7185
-19.7247
-19.7308
-19.737
-19.7432
-19.7495
-19.7557
-19.762
-19.7684
-19.7747
-19.7811
-19.7875
-19.7939
-19.8004
-19.8069
-19.8134
-19.8199
-19.8264
-19.833
-19.8396
-19.8463
-19.8529
-19.8596
-19.8663
-19.873
-19.8797
-19.8865
-19.8933
-19.9001
-19.9069
-19.9138
-19.9207
-19.9276
-19.9345
-19.9414
-19.9484
-19.9553
-19.9623
-19.9694
-19.9764
-19.9834
-19.9905
-19.9976
-20.0047
-20.0118
-20.019
-20.0261
-20.0333
-20.0405
-20.0477
-20.0549
-20.0621
-20.0694
-20.0766
-20.0839
-20.0912
-20.0985
-20.1058
-20.1132
-20.1205
-20.1279
-20.1352
-20.1426
-20.15
-20.1574
-20.1648
-20.1722
-20.1796
-20.187
-20.1945
-20.2019
-20.2094
-20.2169
-20.2243
-20.2318
-20.2393
-20.2468
-20.2543
-20.2618
-20.2693
-20.2768
-20.2843
-20.2918
-20.2993
-20.3068
-20.3143
-20.3218
-20.3293
-20.3369
-20.3444
-20.3519
-20.3594
-20.3669
-20.3744
-20.3819
-20.3894
-20.3969
-20.4044
-20.4119
-20.4194
-20.4269
-20.4344
-20.4418
-20.4493
-20.4568
-20.4642
-20.4716
-20.4791
-20.4865
-20.4939
-20.5013
-20.5087
-20.516
-20.5234
-20.5307
-20.5381
-20.5454
-20.5527
-20.56
-20.5673
-20.5745
-20.5817
-20.589
-20.5962
-20.6034
-20.6105
-20.6177
-20.6248
-20.6319
-20.639
-20.6461
-20.6531
-20.6601
-20.6671
-20.6741
-20.681
-20.6879
-20.6948
-20.7017
-20.7085
-20.7154
-20.7221
-20.7289
-20.7356
-20.7423
-20.749
-20.7556
-20.7622
-20.7688
-20.7753
-20.7818
-20.7883
-20.7947
-20.8011
-20.8075
-20.8138
-20.8201
-20.8264
-20.8326
-20.8387
-20.8449
-20.851
-20.857
-20.863
-20.869
-20.8749
-20.8808
-20.8867
-20.8925
-20.8982
-20.9039
-20.9096
-20.9152
-20.9208
-20.9263
-20.9317
-20.9372
-20.9425
-20.9479
-20.9531
-20.9583
-20.9635
-20.9686
-20.9737
-20.9787
-20.9836
-20.9885
-20.9934
-20.9982
-21.0029
-21.0076
-21.0122
-21.0168
-21.0213
-21.0257
-21.0301
-21.0344
-21.0387
-21.0429
-21.047
-21.0511
-21.0551
-21.0591
-21.063
-21.0668
-21.0706
-21.0743
-21.0779
-21.0815
-21.085
-21.0884
-21.0918
-21.0951
-21.0983
-21.1015
-21.1045
-21.1076
-21.1105
-21.1134
-21.1162
-21.119
-21.1216
-21.1242
-21.1268
-21.1292
-21.1316
-21.1339
-21.1362
-21.1383
-21.1404
-21.1424
-21.1444
-21.1463
-21.148
-21.1498
-21.1514
-21.153
-21.1545
-21.1559
-21.1572
-21.1585
-21.1596
-21.1607
-21.1618
-21.1627
-21.1636
-21.1644
-21.1651
-21.1657
-21.1663
-21.1668
-21.1672
-21.1675
-21.1677
-21.1679
-21.168
-21.168
-21.1679
-21.1677
-21.1675
-21.1672
-21.1668
-21.1663
-21.1657
-21.1651
-21.1644
-21.1636
-21.1627
-21.1617
-21.1607
-21.1596
-21.1584
-21.1571
-21.1557
-21.1543
-21.1528
-21.1512
-21.1495
-21.1477
-21.1459
-21.144
-21.142
-21.1399
-21.1377
-21.1355
-21.1332
-21.1308
-21.1283
-21.1258
-21.1231
-21.1204
-21.1176
-21.1148
-21.1118
-21.1088
-21.1057
-21.1025
-21.0993
-21.096
-21.0926
-21.0891
-21.0856
-21.0819
-21.0782
-21.0745
-21.0706
-21.0667
-21.0627
-21.0586
-21.0545
-21.0503
-21.046
-21.0416
-21.0372
-21.0327
-21.0281
-21.0235
-21.0188
-21.014
-21.0092
-21.0043
-20.9993
-20.9942
-20.9891
-20.9839
-20.9787
-20.9733
-20.968
-20.9625
-20.957
-20.9514
-20.9458
-20.9401
-20.9343
-20.9285
-20.9226
-20.9167
-20.9106
-20.9046
-20.8984
-20.8923
-20.886
-20.8797
-20.8733
-20.8669
-20.8604
-20.8539
-20.8473
-20.8407
-20.834
-20.8272
-20.8204
-20.8136
-20.8067
-20.7997
-20.7927
-20.7856
-20.7785
-20.7714
-20.7642
-20.7569
-20.7496
-20.7423
-20.7349
-20.7274
-20.7199
-20.7124
-20.7048
-20.6972
-20.6895
-20.6818
-20.6741
-20.6663
-20.6585
-20.6506
-20.6427
-20.6348
-20.6268
-20.6188
-20.6107
-20.6026
-20.5945
-20.5863
-20.5781
-20.5699
-20.5616
-20.5533
-20.545
-20.5367
-20.5283
-20.5198
-20.5114
-20.5029
-20.4944
-20.4859
-20.4773
-20.4687
-20.4601
-20.4515
-20.4428
-20.4341
-20.4254
-20.4166
-20.4079
-20.3991
-20.3903
-20.3815
-20.3726
-20.3638
-20.3549
-20.346
-20.3371
-20.3281
-20.3192
-20.3102
-20.3012
-20.2922
-20.2832
-20.2741
-20.2651
-20.256
-20.247
-20.2379
-20.2288
-20.2197
-20.2105
-20.2014
-20.1923
-20.1831
-20.174
-20.1648
-20.1556
-20.1465
-20.1373
-20.1281
-20.1189
-20.1097
-20.1005
-20.0913
-20.0821
-20.0728
-20.0636
-20.0544
-20.0452
-20.0359
-20.0267
-20.0175
-20.0083
-19.999
-19.9898
-19.9806
-19.9714
-19.9622
-19.9529
-19.9437
-19.9345
-19.9253
-19.9161
-19.9069
-19.8977
-19.8885
-19.8794
-19.8702
-19.861
-19.8519
-19.8427
-19.8336
-19.8244
-19.8153
-19.8062
-19.7971
-19.788
-19.7789
-19.7698
-19.7608
-19.7517
-19.7427
-19.7337
-19.7246
-19.7156
-19.7066
-19.6977
-19.6887
-19.6798
-19.6708
-19.6619
-19.653
-19.6441
-19.6352
-19.6264
-19.6175
-19.6087
-19.5999
-19.5911
-19.5824
-19.5736
-19.5649
-19.5561
-19.5475
-19.5388
-19.5301
-19.5215
-19.5129
-19.5043
-19.4957
-19.4871
-19.4786
-19.4701
-19.4616
-19.4531
-19.4446
-19.4362
-19.4278
-19.4194
-19.411
-19.4027
-19.3944
-19.3861
-19.3778
-19.3696
-19.3614
-19.3532
-19.345
-19.3369
-19.3287
-19.3206
-19.3126
-19.3045
-19.2965
-19.2885
-19.2805
-19.2726
-19.2647
-19.2568
-19.2489
-19.2411
-19.2333
-19.2255
-19.2178
-19.2101
-19.2024
-19.1947
-19.1871
-19.1794
-19.1719
-19.1643
-19.1568
-19.1493
-19.1418
-19.1344
-19.127
-19.1196
-19.1123
-19.105
-19.0977
-19.0904
-19.0832
-19.076
-19.0688
-19.0617
-19.0546
-19.0475
-19.0405
-19.0335
-19.0265
-19.0196
-19.0126
-19.0058
-18.9989
-18.9921
-18.9853
-18.9785
-18.9718
-18.9651
-18.9585
-18.9519
-18.9453
-18.9387
-18.9322
-18.9257
-18.9192
-18.9128
-18.9064
-18.9
-18.8937
-18.8874
-18.8812
-18.8749
-18.8687
-18.8626
-18.8564
-18.8504
-18.8443
-18.8383
-18.8323
-18.8263
-18.8204
-18.8145
-18.8087
-18.8028
-18.7971
-18.7913
-18.7856
-18.7799
-18.7743
-18.7687
-18.7631
-18.7575
-18.752
-18.7466
-18.7411
-18.7357
-18.7304
-18.725
-18.7197
-18.7145
-18.7093
-18.7041
-18.6989
-18.6938
-18.6887
-18.6837
-18.6787
-18.6737
-18.6687
-18.6638
-18.659
-18.6541
-18.6493
-18.6446
-18.6399
-18.6352
-18.6305
-18.6259
-18.6213
-18.6168
-18.6123
-18.6078
-18.6034
-18.599
-18.5946
-18.5903
-18.586
-18.5817
-18.5775
-18.5733
-18.5692
-18.5651
-18.561
-18.5569
-18.5529
-18.549
-18.5451
-18.5412
-18.5373
-18.5335
-18.5297
-18.526
-18.5222
-18.5186
-18.5149
-18.5113
-18.5078
-18.5042
-18.5008
-18.4973
-18.4939
-18.4905
-18.4872
-18.4839
-18.4806
-18.4773
-18.4741
-18.471
-18.4679
-18.4648
-18.4617
-18.4587
-18.4557
-18.4528
-18.4499
-18.447
-18.4442
-18.4414
-18.4386
-18.4359
-18.4332
-18.4306
-18.428
-18.4254
-18.4229
-18.4204
-18.4179
-18.4155
-18.4131
-18.4107
-18.4084
-18.4061
-18.4039
-18.4017
-18.3995
-18.3974
-18.3953
-18.3932
-18.3912
-18.3892
-18.3873
-18.3853
-18.3835
-18.3816
-18.3798
-18.3781
-18.3763
-18.3746
-18.373
-18.3714
-18.3698
-18.3682
-18.3667
-18.3652
-18.3638
-18.3624
-18.361
-18.3597
-18.3584
-18.3572
-18.356
-18.3548
-18.3536
-18.3525
-18.3514
-18.3504
-18.3494
-18.3484
-18.3475
-18.3466
-18.3458
-18.345
-18.3442
-18.3434
-18.3427
-18.3421
-18.3414
-18.3408
-18.3403
-18.3397
-18.3392
-18.3388
-18.3384
-18.338
-18.3376
-18.3373
-18.3371
-18.3368
-18.3366
-18.3365
-18.3363
-18.3362
-18.3362
-18.3362
-18.3362
-18.3362
-18.3363
-18.3364
-18.3366
-18.3368
-18.337
-18.3373
-18.3376
-18.3379
-18.3383
-18.3387
-18.3392
-18.3397
-18.3402
-18.3407
-18.3413
-18.342
-18.3426
-18.3433
-18.3441
-18.3448
-18.3456
-18.3465
-18.3473
-18.3483
-18.3492
-18.3502
-18.3512
-18.3523
-18.3534
-18.3545
-18.3556
-18.3568
-18.3581
-18.3593
-18.3606
-18.362
-18.3633
-18.3647
-18.3662
-18.3677
-18.3692
-18.3707
-18.3723
-18.3739
-18.3756
-18.3773
-18.379
-18.3808
-18.3825
-18.3844
-18.3862
-18.3881
-18.3901
-18.392
-18.394
-18.3961
-18.3981
-18.4002
-18.4024
-18.4046
-18.4068
-18.409
-18.4113
-18.4136
-18.416
-18.4183
-18.4208
-18.4232
-18.4257
-18.4282
-18.4308
-18.4333
-18.436
-18.4386
-18.4413
-18.444
-18.4468
-18.4496
-18.4524
-18.4552
-18.4581
-18.4611
-18.464
-18.467
-18.47
-18.4731
-18.4762
-18.4793
-18.4825
-18.4857
-18.4889
-18.4921
-18.4954
-18.4988
-18.5021
-18.5055
-18.5089
-18.5124
-18.5159
-18.5194
-18.5229
-18.5265
-18.5301
-18.5338
-18.5375
-18.5412
-18.5449
-18.5487
-18.5525
-18.5564
-18.5603
-18.5642
-18.5681
-18.5721
-18.5761
-18.5801
-18.5842
-18.5883
-18.5924
-18.5965
-18.6007
-18.605
-18.6092
-18.6135
-18.6178
-18.6222
-18.6265
-18.6309
-18.6354
-18.6398
-18.6443
-18.6489
-18.6534
-18.658
-18.6626
-18.6673
-18.672
-18.6767
-18.6814
-18.6862
-18.691
-18.6958
-18.7006
-18.7055
-18.7104
-18.7154
-18.7203
-18.7253
-18.7304
-18.7354
-18.7405
-18.7456
-18.7507
-18.7559
-18.7611
-18.7663
-18.7716
-18.7768
-18.7822
-18.7875
-18.7928
-18.7982
-18.8036
-18.8091
-18.8145
-18.82
-18.8255
-18.8311
-18.8367
-18.8423
-18.8479
-18.8535
-18.8592
-18.8649
-18.8706
-18.8763
-18.8821
-18.8879
-18.8937
-18.8996
-18.9054
-18.9113
-18.9172
-18.9232
-18.9291
-18.9351
-18.9411
-18.9472
-18.9532
-18.9593
-18.9654
-18.9715
-18.9777
-18.9838
-18.99
-18.9962
-19.0024
-19.0087
-19.015
-19.0212
-19.0276
-19.0339
-19.0402
-19.0466
-19.053
-19.0594
-19.0658
-19.0723
-19.0787
-19.0852
-19.0917
-19.0982
-19.1048
-19.1113
-19.1179
-19.1245
-19.1311
-19.1377
-19.1443
-19.151
-19.1576
-19.1643
-19.171
-19.1777
-19.1845
-19.1912
-19.198
-19.2047
-19.2115
-19.2183
-19.2251
-19.2319
-19.2388
-19.2456
-19.2525
-19.2593
-19.2662
-19.2731
-19.28
-19.2869
-19.2938
-19.3008
-19.3077
-19.3147
-19.3216
-19.3286
-19.3356
-19.3426
-19.3496
-19.3566
-19.3636
-19.3706
-19.3776
-19.3846
-19.3916
-19.3987
-19.4057
-19.4128
-19.4198
-19.4269
-19.4339
-19.441
-19.448
-19.4551
-19.4622
-19.4692
-19.4763
-19.4834
-19.4904
-19.4975
-19.5046
-19.5116
-19.5187
-19.5258
-19.5328
-19.5399
-19.547
-19.554
-19.5611
-19.5681
-19.5752
-19.5822
-19.5892
-19.5963
-19.6033
-19.6103
-19.6173
-19.6243
-19.6313
-19.6383
-19.6453
-19.6522
-19.6592
-19.6662
-19.6731
-19.68
-19.6869
-19.6939
-19.7008
-19.7076
-19.7145
-19.7214
-19.7282
-19.735
-19.7418
-19.7486
-19.7554
-19.7622
-19.7689
-19.7757
-19.7824
-19.7891
-19.7958
-19.8024
-19.8091
-19.8157
-19.8223
-19.8289
-19.8354
-19.842
-19.8485
-19.855
-19.8614
-19.8679
-19.8743
-19.8807
-19.8871
-19.8934
-19.8997
-19.906
-19.9123
-19.9185
-19.9247
-19.9309
-19.9371
-19.9432
-19.9493
-19.9553
-19.9614
-19.9674
-19.9733
-19.9793
-19.9852
-19.991
-19.9969
-20.0027
-20.0084
-20.0141
-20.0198
-20.0255
-20.0311
-20.0367
-20.0422
-20.0477
-20.0532
-20.0586
-20.064
-20.0693
-20.0746
-20.0799
-20.0851
-20.0903
-20.0954
-20.1005
-20.1056
-20.1106
-20.1155
-20.1204
-20.1253
-20.1301
-20.1349
-20.1396
-20.1443
-20.1489
-20.1535
-20.158
-20.1625
-20.1669
-20.1713
-20.1757
-20.1799
-20.1842
-20.1883
-20.1925
-20.1965
-20.2005
-20.2045
-20.2084
-20.2123
-20.2161
-20.2198
-20.2235
-20.2271
-20.2307
-20.2342
-20.2377
-20.2411
-20.2444
-20.2477
-20.2509
-20.2541
-20.2572
-20.2602
-20.2632
-20.2662
-20.269
-20.2718
-20.2746
-20.2772
-20.2799
-20.2824
-20.2849
-20.2873
-20.2897
-20.292
-20.2942
-20.2964
-20.2985
-20.3005
-20.3025
-20.3044
-20.3063
-20.308
-20.3098
-20.3114
-20.313
-20.3145
-20.3159
-20.3173
-20.3186
-20.3198
-20.321
-20.3221
-20.3232
-20.3241
-20.325
-20.3258
-20.3266
-20.3273
-20.3279
-20.3285
-20.3289
-20.3294
-20.3297
-20.33
-20.3302
-20.3303
-20.3304
-20.3304
-20.3303
-20.3301
-20.3299
-20.3296
-20.3292
-20.3288
-20.3283
-20.3277
-20.3271
-20.3264
-20.3256
-20.3247
-20.3238
-20.3228
-20.3217
-20.3206
-20.3194
-20.3181
-20.3167
-20.3153
-20.3138
-20.3123
-20.3106
-20.3089
-20.3071
-20.3053
-20.3034
-20.3014
-20.2993
-20.2972
-20.295
-20.2928
-20.2904
-20.288
-20.2856
-20.283
-20.2804
-20.2778
-20.275
-20.2722
-20.2693
-20.2664
-20.2634
-20.2603
-20.2571
-20.2539
-20.2507
-20.2473
-20.2439
-20.2404
-20.2369
-20.2333
-20.2296
-20.2259
-20.2221
-20.2182
-20.2143
-20.2103
-20.2063
-20.2022
-20.198
-20.1937
-20.1894
-20.1851
-20.1807
-20.1762
-20.1716
-20.167
-20.1624
-20.1577
-20.1529
-20.148
-20.1432
-20.1382
-20.1332
-20.1281
-20.123
-20.1178
-20.1126
-20.1073
-20.102
-20.0966
-20.0911
-20.0856
-20.08
-20.0744
-20.0688
-20.0631
-20.0573
-20.0515
-20.0456
-20.0397
-20.0337
-20.0277
-20.0216
-20.0155
-20.0094
-20.0032
-19.9969
-19.9906
-19.9843
-19.9779
-19.9714
-19.9649
-19.9584
-19.9519
-19.9452
-19.9386
-19.9319
-19.9252
-19.9184
-19.9116
-19.9047
-19.8978
-19.8909
-19.8839
-19.8769
-19.8698
-19.8627
-19.8556
-19.8484
-19.8412
-19.834
-19.8267
-19.8194
-19.8121
-19.8047
-19.7973
-19.7899
-19.7824
-19.7749
-19.7674
-19.7598
-19.7522
-19.7446
-19.737
-19.7293
-19.7216
-19.7139
-19.7061
-19.6983
-19.6905
-19.6827
-19.6748
-19.667
-19.6591
-19.6511
-19.6432
-19.6352
-19.6272
-19.6192
-19.6112
-19.6031
-19.595
-19.5869
-19.5788
-19.5707
-19.5625
-19.5543
-19.5461
-19.5379
-19.5297
-19.5215
-19.5132
-19.505
-19.4967
-19.4884
-19.4801
-19.4718
-19.4634
-19.4551
-19.4467
-19.4384
-19.43
-19.4216
-19.4132
-19.4048
-19.3964
-19.3879
-19.3795
-19.3711
-19.3626
-19.3541
-19.3457
-19.3372
-19.3287
-19.3203
-19.3118
-19.3033
-19.2948
-19.2863
-19.2778
-19.2693
-19.2608
-19.2523
-19.2438
-19.2353
-19.2267
-19.2182
-19.2097
-19.2012
-19.1927
-19.1842
-19.1757
-19.1672
-19.1587
-19.1502
-19.1417
-19.1332
-19.1247
-19.1162
-19.1077
-19.0992
-19.0907
-19.0823
-19.0738
-19.0653
-19.0569
-19.0485
-19.04
-19.0316
-19.0232
-19.0147
-19.0063
-18.9979
-18.9895
-18.9812
-18.9728
-18.9644
-18.9561
-18.9477
-18.9394
-18.9311
-18.9228
-18.9145
-18.9062
-18.8979
-18.8896
-18.8814
-18.8731
-18.8649
-18.8567
-18.8485
-18.8403
-18.8321
-18.824
-18.8158
-18.8077
-18.7996
-18.7915
-18.7834
-18.7754
-18.7673
-18.7593
-18.7513
-18.7433
-18.7353
-18.7273
-18.7194
-18.7114
-18.7035
-18.6956
-18.6877
-18.6799
-18.672
-18.6642
-18.6564
-18.6486
-18.6409
-18.6331
-18.6254
-18.6177
-18.61
-18.6024
-18.5947
-18.5871
-18.5795
-18.5719
-18.5644
-18.5568
-18.5493
-18.5418
-18.5343
-18.5269
-18.5195
-18.5121
-18.5047
-18.4973
-18.49
-18.4827
-18.4754
-18.4681
-18.4609
-18.4536
-18.4464
-18.4393
-18.4321
-18.425
-18.4179
-18.4108
-18.4038
-18.3968
-18.3898
-18.3828
-18.3758
-18.3689
-18.362
-18.3551
-18.3483
-18.3415
-18.3347
-18.3279
-18.3211
-18.3144
-18.3077
-18.3011
-18.2944
-18.2878
-18.2812
-18.2747
-18.2681
-18.2616
-18.2552
-18.2487
-18.2423
-18.2359
-18.2295
-18.2232
-18.2169
-18.2106
-18.2043
-18.1981
-18.1919
-18.1857
-18.1796
-18.1735
-18.1674
-18.1613
-18.1553
-18.1493
-18.1433
-18.1374
-18.1314
-18.1256
-18.1197
-18.1139
-18.1081
-18.1023
-18.0965
-18.0908
-18.0852
-18.0795
-18.0739
-18.0683
-18.0627
-18.0572
-18.0517
-18.0462
-18.0407
-18.0353
-18.0299
-18.0246
-18.0192
-18.0139
-18.0087
-18.0034
-17.9982
-17.9931
-17.9879
-17.9828
-17.9777
-17.9726
-17.9676
-17.9626
-17.9577
-17.9527
-17.9478
-17.9429
-17.9381
-17.9333
-17.9285
-17.9238
-17.919
-17.9143
-17.9097
-17.9051
-17.9005
-17.8959
-17.8914
-17.8869
-17.8824
-17.8779
-17.8735
-17.8692
-17.8648
-17.8605
-17.8562
-17.8519
-17.8477
-17.8435
-17.8394
-17.8352
-17.8311
-17.8271
-17.823
-17.819
-17.8151
-17.8111
-17.8072
-17.8033
-17.7995
-17.7957
-17.7919
-17.7881
-17.7844
-17.7807
-17.777
-17.7734
-17.7698
-17.7662
-17.7627
-17.7592
-17.7557
-17.7523
-17.7489
-17.7455
-17.7422
-17.7389
-17.7356
-17.7323
-17.7291
-17.7259
-17.7228
-17.7197
-17.7166
-17.7135
-17.7105
-17.7075
-17.7045
-17.7016
-17.6987
-17.6958
-17.693
-17.6902
-17.6874
-17.6847
-17.682
-17.6793
-17.6766
-17.674
-17.6714
-17.6689
-17.6664
-17.6639
-17.6614
-17.659
-17.6566
-17.6542
-17.6519
-17.6496
-17.6474
-17.6451
-17.6429
-17.6407
-17.6386
-17.6365
-17.6344
-17.6324
-17.6304
-17.6284
-17.6264
-17.6245
-17.6226
-17.6208
-17.619
-17.6172
-17.6154
-17.6137
-17.612
-17.6103
-17.6087
-17.6071
-17.6055
-17.604
-17.6025
-17.601
-17.5996
-17.5982
-17.5968
-17.5955
-17.5941
-17.5929
-17.5916
-17.5904
-17.5892
-17.588
-17.5869
-17.5858
-17.5848
-17.5837
-17.5827
-17.5818
-17.5808
-17.5799
-17.5791
-17.5782
-17.5774
-17.5766
-17.5759
-17.5752
-17.5745
-17.5738
-17.5732
-17.5726
-17.5721
-17.5715
-17.571
-17.5706
-17.5702
-17.5698
-17.5694
-17.569
-17.5687
-17.5685
-17.5682
-17.568
-17.5678
-17.5677
-17.5676
-17.5675
-17.5674
-17.5674
-17.5674
-17.5674
-17.5675
-17.5676
-17.5677
-17.5679
-17.5681
-17.5683
-17.5686
-17.5689
-17.5692
-17.5695
-17.5699
-17.5703
-17.5708
-17.5712
-17.5717
-17.5723
-17.5728
-17.5734
-17.5741
-17.5747
-17.5754
-17.5761
-17.5769
-17.5777
-17.5785
-17.5793
-17.5802
-17.5811
-17.5821
-17.583
-17.584
-17.5851
-17.5861
-17.5872
-17.5883
-17.5895
-17.5907
-17.5919
-17.5931
-17.5944
-17.5957
-17.597
-17.5984
-17.5998
-17.6012
-17.6027
-17.6042
-17.6057
-17.6073
-17.6088
-17.6104
-17.6121
-17.6138
-17.6155
-17.6172
-17.6189
-17.6207
-17.6226
-17.6244
-17.6263
-17.6282
-17.6302
-17.6321
-17.6341
-17.6362
-17.6382
-17.6403
-17.6424
-17.6446
-17.6468
-17.649
-17.6512
-17.6535
-17.6558
-17.6581
-17.6605
-17.6629
-17.6653
-17.6678
-17.6702
-17.6727
-17.6753
-17.6779
-17.6805
-17.6831
-17.6857
-17.6884
-17.6911
-17.6939
-17.6967
-17.6995
-17.7023
-17.7052
-17.708
-17.711
-17.7139
-17.7169
-17.7199
-17.7229
-17.726
-17.7291
-17.7322
-17.7354
-17.7385
-17.7418
-17.745
-17.7483
-17.7515
-17.7549
-17.7582
-17.7616
-17.765
-17.7684
-17.7719
-17.7754
-17.7789
-17.7825
-17.786
-17.7896
-17.7933
-17.7969
-17.8006
-17.8043
-17.8081
-17.8119
-17.8157
-17.8195
-17.8233
-17.8272
-17.8311
-17.8351
-17.839
-17.843
-17.847
-17.8511
-17.8551
-17.8592
-17.8634
-17.8675
-17.8717
-17.8759
-17.8801
-17.8844
-17.8887
-17.893
-17.8973
-17.9017
-17.9061
-17.9105
-17.9149
-17.9194
-17.9239
-17.9284
-17.9329
-17.9375
-17.9421
-17.9467
-17.9514
-17.956
-17.9607
-17.9655
-17.9702
-17.975
-17.9798
-17.9846
-17.9894
-17.9943
-17.9992
-18.0041
-18.0091
-18.014
-18.019
-18.024
-18.0291
-18.0341
-18.0392
-18.0443
-18.0494
-18.0546
-18.0598
-18.065
-18.0702
-18.0754
-18.0807
-18.086
-18.0913
-18.0967
-18.102
-18.1074
-18.1128
-18.1182
-18.1237
-18.1291
-18.1346
-18.1401
-18.1457
-18.1512
-18.1568
-18.1624
-18.168
-18.1736
-18.1793
-18.185
-18.1906
-18.1964
-18.2021
-18.2079
-18.2136
-18.2194
-18.2252
-18.2311
-18.2369
-18.2428
-18.2487
-18.2546
-18.2605
-18.2664
-18.2724
-18.2784
-18.2844
-18.2904
-18.2964
-18.3024
-18.3085
-18.3146
-18.3207
-18.3268
-18.3329
-18.339
-18.3452
-18.3514
-18.3576
-18.3638
-18.37
-18.3762
-18.3825
-18.3887
-18.395
-18.4013
-18.4076
-18.4139
-18.4202
-18.4266
-18.4329
-18.4393
-18.4457
-18.4521
-18.4585
-18.4649
-18.4713
-18.4777
-18.4842
-18.4906
-18.4971
-18.5036
-18.5101
-18.5166
-18.5231
-18.5296
-18.5361
-18.5427
-18.5492
-18.5558
-18.5623
-18.5689
-18.5755
-18.582
-18.5886
-18.5952
-18.6018
-18.6084
-18.615
-18.6217
-18.6283
-18.6349
-18.6415
-18.6482
-18.6548
-18.6615
-18.6681
-18.6748
-18.6814
-18.6881
-18.6947
-18.7014
-18.7081
-18.7147
-18.7214
-18.7281
-18.7347
-18.7414
-18.7481
-18.7547
-18.7614
-18.768
-18.7747
-18.7814
-18.788
-18.7947
-18.8013
-18.808
-18.8146
-18.8213
-18.8279
-18.8345
-18.8412
-18.8478
-18.8544
-18.861
-18.8676
-18.8742
-18.8808
-18.8874
-18.894
-18.9005
-18.9071
-18.9136
-18.9202
-18.9267
-18.9332
-18.9397
-18.9462
-18.9527
-18.9592
-18.9657
-18.9721
-18.9786
-18.985
-18.9914
-18.9978
-19.0042
-19.0106
-19.0169
-19.0233
-19.0296
-19.0359
-19.0422
-19.0485
-19.0547
-19.061
-19.0672
-19.0734
-19.0796
-19.0857
-19.0919
-19.098
-19.1041
-19.1102
-19.1162
-19.1223
-19.1283
-19.1343
-19.1403
-19.1462
-19.1521
-19.158
-19.1639
-19.1698
-19.1756
-19.1814
-19.1872
-19.1929
-19.1986
-19.2043
-19.21
-19.2156
-19.2212
-19.2268
-19.2323
-19.2379
-19.2433
-19.2488
-19.2542
-19.2596
-19.265
-19.2703
-19.2756
-19.2808
-19.2861
-19.2912
-19.2964
-19.3015
-19.3066
-19.3117
-19.3167
-19.3216
-19.3266
-19.3315
-19.3363
-19.3412
-19.346
-19.3507
-19.3554
-19.3601
-19.3647
-19.3693
-19.3738
-19.3783
-19.3828
-19.3872
-19.3916
-19.3959
-19.4002
-19.4044
-19.4086
-19.4128
-19.4169
-19.421
-19.425
-19.4289
-19.4329
-19.4367
-19.4406
-19.4444
-19.4481
-19.4518
-19.4554
-19.459
-19.4625
-19.466
-19.4695
-19.4729
-19.4762
-19.4795
-19.4827
-19.4859
-19.489
-19.4921
-19.4951
-19.4981
-19.501
-19.5039
-19.5067
-19.5095
-19.5122
-19.5148
-19.5174
-19.5199
-19.5224
-19.5249
-19.5272
-19.5295
-19.5318
-19.534
-19.5361
-19.5382
-19.5403
-19.5422
-19.5441
-19.546
-19.5478
-19.5495
-19.5512
-19.5528
-19.5544
-19.5559
-19.5573
-19.5587
-19.56
-19.5613
-19.5625
-19.5636
-19.5647
-19.5657
-19.5667
-19.5676
-19.5684
-19.5692
-19.5699
-19.5705
-19.5711
-19.5716
-19.5721
-19.5725
-19.5728
-19.5731
-19.5733
-19.5735
-19.5736
-19.5736
-19.5736
-19.5735
-19.5733
-19.5731
-19.5728
-19.5724
-19.572
-19.5716
-19.571
-19.5704
-19.5698
-19.569
-19.5682
-19.5674
-19.5665
-19.5655
-19.5644
-19.5633
-19.5622
-19.5609
-19.5597
-19.5583
-19.5569
-19.5554
-19.5539
-19.5523
-19.5506
-19.5489
-19.5471
-19.5452
-19.5433
-19.5413
-19.5393
-19.5372
-19.535
-19.5328
-19.5305
-19.5282
-19.5258
-19.5233
-19.5208
-19.5182
-19.5156
-19.5129
-19.5101
-19.5073
-19.5044
-19.5014
-19.4984
-19.4954
-19.4923
-19.4891
-19.4859
-19.4826
-19.4792
-19.4758
-19.4723
-19.4688
-19.4653
-19.4616
-19.4579
-19.4542
-19.4504
-19.4465
-19.4426
-19.4387
-19.4346
-19.4306
-19.4264
-19.4223
-19.418
-19.4137
-19.4094
-19.405
-19.4006
-19.3961
-19.3915
-19.3869
-19.3823
-19.3776
-19.3728
-19.368
-19.3632
-19.3583
-19.3534
-19.3484
-19.3433
-19.3382
-19.3331
-19.3279
-19.3227
-19.3174
-19.3121
-19.3067
-19.3013
-19.2959
-19.2904
-19.2848
-19.2792
-19.2736
-19.2679
-19.2622
-19.2565
-19.2507
-19.2448
-19.239
-19.233
-19.2271
-19.2211
-19.215
-19.209
-19.2029
-19.1967
-19.1905
-19.1843
-19.178
-19.1717
-19.1654
-19.159
-19.1526
-19.1462
-19.1397
-19.1332
-19.1267
-19.1201
-19.1135
-19.1068
-19.1002
-19.0935
-19.0867
-19.08
-19.0732
-19.0664
-19.0595
-19.0526
-19.0457
-19.0388
-19.0318
-19.0248
-19.0178
-19.0108
-19.0037
-18.9966
-18.9895
-18.9824
-18.9752
-18.968
-18.9608
-18.9536
-18.9463
-18.939
-18.9317
-18.9244
-18.917
-18.9097
-18.9023
-18.8949
-18.8875
-18.88
-18.8726
-18.8651
-18.8576
-18.8501
-18.8425
-18.835
-18.8274
-18.8199
-18.8123
-18.8046
-18.797
-18.7894
-18.7817
-18.7741
-18.7664
-18.7587
-18.751
-18.7433
-18.7356
-18.7278
-18.7201
-18.7123
-18.7046
-18.6968
-18.689
-18.6812
-18.6734
-18.6656
-18.6578
-18.65
-18.6421
-18.6343
-18.6265
-18.6186
-18.6108
-18.6029
-18.595
-18.5872
-18.5793
-18.5714
-18.5635
-18.5557
-18.5478
-18.5399
-18.532
-18.5241
-18.5162
-18.5083
-18.5004
-18.4925
-18.4846
-18.4767
-18.4688
-18.4609
-18.4531
-18.4452
-18.4373
-18.4294
-18.4215
-18.4136
-18.4057
-18.3979
-18.39
-18.3821
-18.3742
-18.3664
-18.3585
-18.3507
-18.3428
-18.335
-18.3271
-18.3193
-18.3115
-18.3037
-18.2959
-18.2881
-18.2803
-18.2725
-18.2647
-18.2569
-18.2492
-18.2414
-18.2336
-18.2259
-18.2182
-18.2105
-18.2028
-18.1951
-18.1874
-18.1797
-18.172
-18.1644
-18.1567
-18.1491
-18.1415
-18.1338
-18.1262
-18.1187
-18.1111
-18.1035
-18.096
-18.0884
-18.0809
-18.0734
-18.0659
-18.0584
-18.051
-18.0435
-18.0361
-18.0286
-18.0212
-18.0138
-18.0064
-17.9991
-17.9917
-17.9844
-17.9771
-17.9698
-17.9625
-17.9552
-17.948
-17.9407
-17.9335
-17.9263
-17.9191
-17.912
-17.9048
-17.8977
-17.8906
-17.8835
-17.8764
-17.8694
-17.8623
-17.8553
-17.8483
-17.8413
-17.8343
-17.8274
-17.8205
-17.8136
-17.8067
-17.7998
-17.793
-17.7861
-17.7793
-17.7725
-17.7658
-17.759
-17.7523
-17.7456
-17.7389
-17.7323
-17.7256
-17.719
-17.7124
-17.7058
-17.6993
-17.6927
-17.6862
-17.6797
-17.6732
-17.6668
-17.6604
-17.654
-17.6476
-17.6412
-17.6349
-17.6286
-17.6223
-17.616
-17.6098
-17.6036
-17.5974
-17.5912
-17.585
-17.5789
-17.5728
-17.5667
-17.5607
-17.5546
-17.5486
-17.5426
-17.5367
-17.5307
-17.5248
-17.5189
-17.5131
-17.5072
-17.5014
-17.4956
-17.4899
-17.4841
-17.4784
-17.4727
-17.467
-17.4614
-17.4558
-17.4502
-17.4446
-17.4391
-17.4335
-17.428
-17.4226
-17.4171
-17.4117
-17.4063
-17.401
-17.3956
-17.3903
-17.385
-17.3797
-17.3745
-17.3693
-17.3641
-17.3589
-17.3538
-17.3487
-17.3436
-17.3386
-17.3335
-17.3285
-17.3235
-17.3186
-17.3137
-17.3087
-17.3039
-17.299
-17.2942
-17.2894
-17.2846
-17.2799
-17.2752
-17.2705
-17.2658
-17.2612
-17.2566
-17.252
-17.2474
-17.2429
-17.2384
-17.2339
-17.2295
-17.2251
-17.2207
-17.2163
-17.212
-17.2076
-17.2033
-17.1991
-17.1949
-17.1906
-17.1865
-17.1823
-17.1782
-17.1741
-17.17
-17.166
-17.162
-17.158
-17.154
-17.1501
-17.1462
-17.1423
-17.1384
-17.1346
-17.1308
-17.127
-17.1233
-17.1196
-17.1159
-17.1122
-17.1086
-17.105
-17.1014
-17.0978
-17.0943
-17.0908
-17.0873
-17.0839
-17.0805
-17.0771
-17.0737
-17.0704
-17.0671
-17.0638
-17.0606
-17.0574
-17.0542
-17.051
-17.0479
-17.0447
-17.0417
-17.0386
-17.0356
-17.0326
-17.0296
-17.0266
-17.0237
-17.0208
-17.018
-17.0151
-17.0123
-17.0095
-17.0068
-17.0041
-17.0014
-16.9987
-16.9961
-16.9934
-16.9909
-16.9883
-16.9858
-16.9833
-16.9808
-16.9783
-16.9759
-16.9735
-16.9712
-16.9688
-16.9665
-16.9642
-16.962
-16.9598
-16.9576
-16.9554
-16.9532
-16.9511
-16.949
-16.947
-16.9449
-16.9429
-16.941
-16.939
-16.9371
-16.9352
-16.9333
-16.9315
-16.9297
-16.9279
-16.9261
-16.9244
-16.9227
-16.921
-16.9194
-16.9178
-16.9162
-16.9146
-16.9131
-16.9116
-16.9101
-16.9086
-16.9072
-16.9058
-16.9044
-16.9031
-16.9018
-16.9005
-16.8992
-16.898
-16.8968
-16.8956
-16.8945
-16.8934
-16.8923
-16.8912
-16.8902
-16.8891
-16.8882
-16.8872
-16.8863
-16.8854
-16.8845
-16.8837
-16.8828
-16.8821
-16.8813
-16.8806
-16.8798
-16.8792
-16.8785
-16.8779
