Initial conditions:
    myIntegrator.particle_v[0].pos.x = -30;
    myIntegrator.particle_v[0].pos.y = 0;
    myIntegrator.particle_v[0].vel.x = 0;
    myIntegrator.particle_v[0].vel.y = -3;

    myIntegrator.particle_v[1].pos.x = 30;
    myIntegrator.particle_v[1].pos.y = 0;
    myIntegrator.particle_v[1].vel.x = 0;
    myIntegrator.particle_v[1].vel.y = 3;

    h = 0.1

Mene:

-24.3333
-24.3331
-24.3328
-24.3323
-24.3318
-24.3311
-24.3303
-24.3294
-24.3283
-24.3272
-24.3259
-24.3245
-24.3229
-24.3213
-24.3195
-24.3176
-24.3156
-24.3134
-24.3111
-24.3088
-24.3063
-24.3036
-24.3009
-24.298
-24.2951
-24.292
-24.2888
-24.2854
-24.282
-24.2784
-24.2747
-24.271
-24.267
-24.263
-24.2589
-24.2547
-24.2503
-24.2458
-24.2413
-24.2366
-24.2318
-24.2269
-24.2219
-24.2168
-24.2116
-24.2063
-24.2008
-24.1953
-24.1897
-24.1839
-24.1781
-24.1722
-24.1661
-24.16
-24.1538
-24.1475
-24.141
-24.1345
-24.1279
-24.1212
-24.1144
-24.1075
-24.1006
-24.0935
-24.0864
-24.0791
-24.0718
-24.0644
-24.0569
-24.0493
-24.0417
-24.034
-24.0261
-24.0183
-24.0103
-24.0022
-23.9941
-23.9859
-23.9776
-23.9693
-23.9609
-23.9524
-23.9439
-23.9352
-23.9266
-23.9178
-23.909
-23.9001
-23.8912
-23.8822
-23.8731
-23.864
-23.8548
-23.8456
-23.8363
-23.8269
-23.8175
-23.8081
-23.7986
-23.789
-23.7794
-23.7697
-23.76
-23.7503
-23.7405
-23.7307
-23.7208
-23.7109
-23.7009
-23.6909
-23.6809
-23.6708
-23.6607
-23.6506
-23.6404
-23.6302
-23.6199
-23.6097
-23.5994
-23.589
-23.5787
-23.5683
-23.5579
-23.5475
-23.537
-23.5265
-23.516
-23.5055
-23.495
-23.4844
-23.4738
-23.4632
-23.4526
-23.442
-23.4314
-23.4207
-23.4101
-23.3994
-23.3887
-23.3781
-23.3674
-23.3567
-23.346
-23.3352
-23.3245
-23.3138
-23.3031
-23.2924
-23.2817
-23.2709
-23.2602
-23.2495
-23.2388
-23.2281
-23.2174
-23.2067
-23.196
-23.1853
-23.1746
-23.164
-23.1533
-23.1427
-23.132
-23.1214
-23.1108
-23.1002
-23.0896
-23.079
-23.0685
-23.058
-23.0474
-23.0369
-23.0265
-23.016
-23.0056
-22.9951
-22.9847
-22.9744
-22.964
-22.9537
-22.9434
-22.9331
-22.9228
-22.9126
-22.9024
-22.8922
-22.8821
-22.872
-22.8619
-22.8518
-22.8418
-22.8318
-22.8218
-22.8119
-22.802
-22.7921
-22.7823
-22.7725
-22.7627
-22.753
-22.7433
-22.7336
-22.724
-22.7144
-22.7049
-22.6954
-22.6859
-22.6765
-22.6671
-22.6577
-22.6484
-22.6391
-22.6299
-22.6207
-22.6116
-22.6025
-22.5934
-22.5844
-22.5754
-22.5665
-22.5576
-22.5487
-22.54
-22.5312
-22.5225
-22.5138
-22.5052
-22.4967
-22.4882
-22.4797
-22.4713
-22.4629
-22.4546
-22.4463
-22.4381
-22.4299
-22.4218
-22.4137
-22.4057
-22.3977
-22.3898
-22.382
-22.3741
-22.3664
-22.3587
-22.351
-22.3434
-22.3359
-22.3284
-22.3209
-22.3135
-22.3062
-22.2989
-22.2917
-22.2845
-22.2774
-22.2703
-22.2633
-22.2564
-22.2495
-22.2426
-22.2359
-22.2291
-22.2225
-22.2159
-22.2093
-22.2028
-22.1964
-22.19
-22.1837
-22.1774
-22.1712
-22.1651
-22.159
-22.1529
-22.147
-22.1411
-22.1352
-22.1294
-22.1237
-22.118
-22.1124
-22.1068
-22.1013
-22.0959
-22.0905
-22.0852
-22.08
-22.0748
-22.0696
-22.0646
-22.0596
-22.0546
-22.0497
-22.0449
-22.0401
-22.0354
-22.0308
-22.0262
-22.0217
-22.0172
-22.0129
-22.0085
-22.0043
-22
-21.9959
-21.9918
-21.9878
-21.9839
-21.98
-21.9761
-21.9724
-21.9687
-21.965
-21.9615
-21.9579
-21.9545
-21.9511
-21.9478
-21.9445
-21.9413
-21.9382
-21.9351
-21.9321
-21.9292
-21.9263
-21.9235
-21.9207
-21.9181
-21.9154
-21.9129
-21.9104
-21.908
-21.9056
-21.9033
-21.9011
-21.8989
-21.8968
-21.8947
-21.8928
-21.8909
-21.889
-21.8872
-21.8855
-21.8839
-21.8823
-21.8807
-21.8793
-21.8779
-21.8766
-21.8753
-21.8741
-21.873
-21.8719
-21.8709
-21.8699
-21.8691
-21.8682
-21.8675
-21.8668
-21.8662
-21.8656
-21.8652
-21.8647
-21.8644
-21.8641
-21.8639
-21.8637
-21.8636
-21.8636
-21.8636
-21.8637
-21.8639
-21.8641
-21.8644
-21.8648
-21.8652
-21.8657
-21.8662
-21.8668
-21.8675
-21.8683
-21.8691
-21.87
-21.8709
-21.8719
-21.873
-21.8741
-21.8753
-21.8766
-21.8779
-21.8793
-21.8808
-21.8823
-21.8839
-21.8856
-21.8873
-21.8891
-21.8909
-21.8928
-21.8948
-21.8968
-21.899
-21.9011
-21.9034
-21.9057
-21.908
-21.9105
-21.913
-21.9155
-21.9181
-21.9208
-21.9236
-21.9264
-21.9293
-21.9322
-21.9352
-21.9383
-21.9414
-21.9446
-21.9479
-21.9512
-21.9546
-21.958
-21.9616
-21.9651
-21.9688
-21.9725
-21.9762
-21.9801
-21.984
-21.9879
-21.9919
-21.996
-22.0002
-22.0044
-22.0086
-22.013
-22.0174
-22.0218
-22.0263
-22.0309
-22.0356
-22.0403
-22.045
-22.0499
-22.0547
-22.0597
-22.0647
-22.0698
-22.0749
-22.0801
-22.0854
-22.0907
-22.0961
-22.1015
-22.107
-22.1125
-22.1182
-22.1238
-22.1296
-22.1354
-22.1412
-22.1471
-22.1531
-22.1591
-22.1652
-22.1714
-22.1776
-22.1839
-22.1902
-22.1966
-22.203
-22.2095
-22.2161
-22.2227
-22.2293
-22.2361
-22.2428
-22.2497
-22.2566
-22.2635
-22.2705
-22.2776
-22.2847
-22.2919
-22.2991
-22.3064
-22.3137
-22.3211
-22.3286
-22.3361
-22.3436
-22.3512
-22.3589
-22.3666
-22.3744
-22.3822
-22.39
-22.398
-22.4059
-22.414
-22.422
-22.4302
-22.4383
-22.4466
-22.4548
-22.4631
-22.4715
-22.4799
-22.4884
-22.4969
-22.5055
-22.5141
-22.5228
-22.5315
-22.5402
-22.549
-22.5578
-22.5667
-22.5757
-22.5846
-22.5936
-22.6027
-22.6118
-22.621
-22.6302
-22.6394
-22.6487
-22.658
-22.6673
-22.6767
-22.6862
-22.6956
-22.7051
-22.7147
-22.7243
-22.7339
-22.7436
-22.7533
-22.763
-22.7728
-22.7826
-22.7924
-22.8023
-22.8122
-22.8221
-22.8321
-22.8421
-22.8521
-22.8622
-22.8723
-22.8824
-22.8925
-22.9027
-22.9129
-22.9231
-22.9334
-22.9437
-22.954
-22.9643
-22.9747
-22.985
-22.9954
-23.0059
-23.0163
-23.0268
-23.0372
-23.0477
-23.0583
-23.0688
-23.0793
-23.0899
-23.1005
-23.1111
-23.1217
-23.1323
-23.143
-23.1536
-23.1643
-23.1749
-23.1856
-23.1963
-23.207
-23.2177
-23.2284
-23.2391
-23.2498
-23.2605
-23.2712
-23.282
-23.2927
-23.3034
-23.3141
-23.3248
-23.3356
-23.3463
-23.357
-23.3677
-23.3784
-23.389
-23.3997
-23.4104
-23.421
-23.4317
-23.4423
-23.4529
-23.4635
-23.4741
-23.4847
-23.4953
-23.5058
-23.5163
-23.5268
-23.5373
-23.5478
-23.5582
-23.5686
-23.579
-23.5893
-23.5997
-23.61
-23.6202
-23.6305
-23.6407
-23.6509
-23.661
-23.6711
-23.6812
-23.6912
-23.7012
-23.7112
-23.7211
-23.731
-23.7408
-23.7506
-23.7603
-23.77
-23.7797
-23.7893
-23.7988
-23.8083
-23.8178
-23.8272
-23.8365
-23.8458
-23.8551
-23.8642
-23.8734
-23.8824
-23.8914
-23.9004
-23.9092
-23.9181
-23.9268
-23.9355
-23.9441
-23.9527
-23.9611
-23.9695
-23.9779
-23.9862
-23.9943
-24.0025
-24.0105
-24.0185
-24.0264
-24.0342
-24.0419
-24.0496
-24.0571
-24.0646
-24.072
-24.0793
-24.0866
-24.0937
-24.1008
-24.1077
-24.1146
-24.1214
-24.1281
-24.1347
-24.1412
-24.1476
-24.154
-24.1602
-24.1663
-24.1723
-24.1783
-24.1841
-24.1898
-24.1955
-24.201
-24.2064
-24.2117
-24.2169
-24.222
-24.227
-24.2319
-24.2367
-24.2414
-24.246
-24.2504
-24.2548
-24.259
-24.2631
-24.2672
-24.2711
-24.2748
-24.2785
-24.2821
-24.2855
-24.2888
-24.2921
-24.2951
-24.2981
-24.301
-24.3037
-24.3063
-24.3088
-24.3112
-24.3135
-24.3156
-24.3176
-24.3195
-24.3213
-24.323
-24.3245
-24.3259
-24.3272
-24.3284
-24.3294
-24.3303
-24.3311
-24.3318
-24.3324
-24.3328
-24.3331
-24.3333
-24.3333
-24.3333
-24.3331
-24.3328
-24.3323
-24.3318
-24.3311
-24.3303
-24.3294
-24.3283
-24.3271
-24.3258
-24.3244
-24.3229
-24.3212
-24.3194
-24.3175
-24.3155
-24.3133
-24.3111
-24.3087
-24.3062
-24.3036
-24.3008
-24.298
-24.295
-24.2919
-24.2887
-24.2853
-24.2819
-24.2783
-24.2746
-24.2708
-24.2669
-24.2629
-24.2588
-24.2545
-24.2502
-24.2457
-24.2411
-24.2365
-24.2317
-24.2268
-24.2218
-24.2166
-24.2114
-24.2061
-24.2007
-24.1951
-24.1895
-24.1838
-24.1779
-24.172
-24.166
-24.1598
-24.1536
-24.1473
-24.1409
-24.1343
-24.1277
-24.121
-24.1142
-24.1073
-24.1004
-24.0933
-24.0862
-24.0789
-24.0716
-24.0642
-24.0567
-24.0491
-24.0415
-24.0337
-24.0259
-24.018
-24.0101
-24.002
-23.9939
-23.9857
-23.9774
-23.9691
-23.9607
-23.9522
-23.9436
-23.935
-23.9263
-23.9176
-23.9087
-23.8999
-23.8909
-23.8819
-23.8728
-23.8637
-23.8545
-23.8453
-23.836
-23.8266
-23.8172
-23.8078
-23.7983
-23.7887
-23.7791
-23.7695
-23.7598
-23.75
-23.7402
-23.7304
-23.7205
-23.7106
-23.7006
-23.6906
-23.6806
-23.6705
-23.6604
-23.6503
-23.6401
-23.6299
-23.6197
-23.6094
-23.5991
-23.5887
-23.5784
-23.568
-23.5576
-23.5472
-23.5367
-23.5262
-23.5157
-23.5052
-23.4947
-23.4841
-23.4735
-23.4629
-23.4523
-23.4417
-23.4311
-23.4204
-23.4098
-23.3991
-23.3884
-23.3777
-23.3671
-23.3564
-23.3457
-23.3349
-23.3242
-23.3135
-23.3028
-23.2921
-23.2814
-23.2706
-23.2599
-23.2492
-23.2385
-23.2278
-23.2171
-23.2064
-23.1957
-23.185
-23.1743
-23.1637
-23.153
-23.1424
-23.1317
-23.1211
-23.1105
-23.0999
-23.0893
-23.0787
-23.0682
-23.0577
-23.0471
-23.0366
-23.0262
-23.0157
-23.0053
-22.9948
-22.9844
-22.9741
-22.9637
-22.9534
-22.9431
-22.9328
-22.9226
-22.9123
-22.9021
-22.8919
-22.8818
-22.8717
-22.8616
-22.8515
-22.8415
-22.8315
-22.8215
-22.8116
-22.8017
-22.7918
-22.782
-22.7722
-22.7624
-22.7527
-22.743
-22.7334
-22.7237
-22.7141
-22.7046
-22.6951
-22.6856
-22.6762
-22.6668
-22.6574
-22.6481
-22.6389
-22.6296
-22.6204
-22.6113
-22.6022
-22.5931
-22.5841
-22.5751
-22.5662
-22.5573
-22.5485
-22.5397
-22.531
-22.5223
-22.5136
-22.505
-22.4964
-22.4879
-22.4795
-22.471
-22.4627
-22.4544
-22.4461
-22.4379
-22.4297
-22.4216
-22.4135
-22.4055
-22.3975
-22.3896
-22.3817
-22.3739
-22.3662
-22.3585
-22.3508
-22.3432
-22.3356
-22.3281
-22.3207
-22.3133
-22.306
-22.2987
-22.2915
-22.2843
-22.2772
-22.2701
-22.2631
-22.2562
-22.2493
-22.2425
-22.2357
-22.229
-22.2223
-22.2157
-22.2091
-22.2026
-22.1962
-22.1898
-22.1835
-22.1772
-22.171
-22.1649
-22.1588
-22.1528
-22.1468
-22.1409
-22.135
-22.1292
-22.1235
-22.1178
-22.1122
-22.1067
-22.1012
-22.0957
-22.0904
-22.0851
-22.0798
-22.0746
-22.0695
-22.0644
-22.0594
-22.0545
-22.0496
-22.0448
-22.04
-22.0353
-22.0307
-22.0261
-22.0216
-22.0171
-22.0127
-22.0084
-22.0041
-21.9999
-21.9958
-21.9917
-21.9877
-21.9837
-21.9799
-21.976
-21.9723
-21.9686
-21.9649
-21.9614
-21.9578
-21.9544
-21.951
-21.9477
-21.9444
-21.9412
-21.9381
-21.935
-21.932
-21.9291
-21.9262
-21.9234
-21.9207
-21.918
-21.9154
-21.9128
-21.9103
-21.9079
-21.9055
-21.9032
-21.901
-21.8988
-21.8967
-21.8947
-21.8927
-21.8908
-21.889
-21.8872
-21.8855
-21.8838
-21.8822
-21.8807
-21.8792
-21.8778
-21.8765
-21.8753
-21.8741
-21.8729
-21.8718
-21.8708
-21.8699
-21.869
-21.8682
-21.8675
-21.8668
-21.8662
-21.8656
-21.8651
-21.8647
-21.8644
-21.8641
-21.8639
-21.8637
-21.8636
-21.8636
-21.8636
-21.8637
-21.8639
-21.8641
-21.8644
-21.8648
-21.8652
-21.8657
-21.8662
-21.8669
-21.8675
-21.8683
-21.8691
-21.87
-21.8709
-21.8719
-21.873
-21.8742
-21.8754
-21.8766
-21.878
-21.8794
-21.8808
-21.8824
-21.8839
-21.8856
-21.8873
-21.8891
-21.891
-21.8929
-21.8949
-21.8969
-21.899
-21.9012
-21.9034
-21.9057
-21.9081
-21.9105
-21.913
-21.9156
-21.9182
-21.9209
-21.9237
-21.9265
-21.9293
-21.9323
-21.9353
-21.9384
-21.9415
-21.9447
-21.948
-21.9513
-21.9547
-21.9581
-21.9617
-21.9652
-21.9689
-21.9726
-21.9764
-21.9802
-21.9841
-21.988
-21.9921
-21.9961
-22.0003
-22.0045
-22.0088
-22.0131
-22.0175
-22.022
-22.0265
-22.0311
-22.0357
-22.0404
-22.0452
-22.05
-22.0549
-22.0598
-22.0649
-22.0699
-22.0751
-22.0803
-22.0855
-22.0908
-22.0962
-22.1016
-22.1071
-22.1127
-22.1183
-22.124
-22.1297
-22.1355
-22.1414
-22.1473
-22.1533
-22.1593
-22.1654
-22.1716
-22.1778
-22.184
-22.1904
-22.1967
-22.2032
-22.2097
-22.2162
-22.2229
-22.2295
-22.2363
-22.243
-22.2499
-22.2568
-22.2637
-22.2707
-22.2778
-22.2849
-22.2921
-22.2993
-22.3066
-22.3139
-22.3213
-22.3288
-22.3363
-22.3438
-22.3514
-22.3591
-22.3668
-22.3746
-22.3824
-22.3903
-22.3982
-22.4062
-22.4142
-22.4223
-22.4304
-22.4386
-22.4468
-22.4551
-22.4634
-22.4718
-22.4802
-22.4886
-22.4972
-22.5057
-22.5143
-22.523
-22.5317
-22.5405
-22.5493
-22.5581
-22.567
-22.5759
-22.5849
-22.5939
-22.603
-22.6121
-22.6212
-22.6304
-22.6396
-22.6489
-22.6582
-22.6676
-22.677
-22.6864
-22.6959
-22.7054
-22.715
-22.7245
-22.7342
-22.7438
-22.7535
-22.7633
-22.773
-22.7828
-22.7927
-22.8026
-22.8125
-22.8224
-22.8324
-22.8424
-22.8524
-22.8625
-22.8725
-22.8827
-22.8928
-22.903
-22.9132
-22.9234
-22.9337
-22.944
-22.9543
-22.9646
-22.975
-22.9853
-22.9957
-23.0062
-23.0166
-23.0271
-23.0375
-23.048
-23.0586
-23.0691
-23.0796
-23.0902
-23.1008
-23.1114
-23.122
-23.1326
-23.1433
-23.1539
-23.1646
-23.1752
-23.1859
-23.1966
-23.2073
-23.218
-23.2287
-23.2394
-23.2501
-23.2608
-23.2715
-23.2823
-23.293
-23.3037
-23.3144
-23.3251
-23.3359
-23.3466
-23.3573
-23.368
-23.3787
-23.3893
-23.4
-23.4107
-23.4213
-23.432
-23.4426
-23.4532
-23.4638
-23.4744
-23.485
-23.4956
-23.5061
-23.5166
-23.5271
-23.5376
-23.5481
-23.5585
-23.5689
-23.5793
-23.5896
-23.6
-23.6103
-23.6205
-23.6308
-23.641
-23.6511
-23.6613
-23.6714
-23.6815
-23.6915
-23.7015
-23.7114
-23.7214
-23.7312
-23.7411
-23.7509
-23.7606
-23.7703
-23.7799
-23.7895
-23.7991
-23.8086
-23.818
-23.8274
-23.8368
-23.8461
-23.8553
-23.8645
-23.8736
-23.8827
-23.8917
-23.9006
-23.9095
-23.9183
-23.927
-23.9357
-23.9443
-23.9529
-23.9614
-23.9698
-23.9781
-23.9864
-23.9946
-24.0027
-24.0107
-24.0187
-24.0266
-24.0344
-24.0421
-24.0498
-24.0573
-24.0648
-24.0722
-24.0795
-24.0868
-24.0939
-24.101
-24.1079
-24.1148
-24.1216
-24.1283
-24.1349
-24.1414
-24.1478
-24.1541
-24.1604
-24.1665
-24.1725
-24.1784
-24.1843
-24.19
-24.1956
-24.2011
-24.2066
-24.2119
-24.2171
-24.2222
-24.2272
-24.2321
-24.2369
-24.2415
-24.2461
-24.2506
-24.2549
-24.2591
-24.2633
-24.2673
-24.2712
-24.275
-24.2786
-24.2822
-24.2856
-24.2889
-24.2921
-24.2952
-24.2982
-24.3011
-24.3038
-24.3064
-24.3089
-24.3113
-24.3135
-24.3157
-24.3177
-24.3196
-24.3214
-24.323
-24.3245
-24.326
-24.3272
-24.3284
-24.3294
-24.3304
-24.3312
-24.3318
-24.3324
-24.3328
-24.3331
-24.3333
-24.3333
-24.3333
-24.3331
-24.3328
-24.3323
-24.3318
-24.3311
-24.3303
-24.3293
-24.3283
-24.3271
-24.3258
-24.3244
-24.3228
-24.3212
-24.3194
-24.3175
-24.3154
-24.3133
-24.311
-24.3086
-24.3061
-24.3035
-24.3007
-24.2979
-24.2949
-24.2918
-24.2886
-24.2852
-24.2818
-24.2782
-24.2745
-24.2707
-24.2668
-24.2628
-24.2587
-24.2544
-24.2501
-24.2456
-24.241
-24.2363
-24.2315
-24.2266
-24.2216
-24.2165
-24.2113
-24.2059
-24.2005
-24.195
-24.1893
-24.1836
-24.1778
-24.1718
-24.1658
-24.1597
-24.1534
-24.1471
-24.1407
-24.1342
-24.1275
-24.1208
-24.114
-24.1072
-24.1002
-24.0931
-24.086
-24.0787
-24.0714
-24.064
-24.0565
-24.0489
-24.0413
-24.0335
-24.0257
-24.0178
-24.0098
-24.0018
-23.9936
-23.9854
-23.9772
-23.9688
-23.9604
-23.9519
-23.9434
-23.9347
-23.9261
-23.9173
-23.9085
-23.8996
-23.8907
-23.8816
-23.8726
-23.8635
-23.8543
-23.845
-23.8357
-23.8264
-23.817
-23.8075
-23.798
-23.7885
-23.7788
-23.7692
-23.7595
-23.7497
-23.7399
-23.7301
-23.7202
-23.7103
-23.7004
-23.6904
-23.6803
-23.6702
-23.6601
-23.65
-23.6398
-23.6296
-23.6194
-23.6091
-23.5988
-23.5885
-23.5781
-23.5677
-23.5573
-23.5469
-23.5364
-23.5259
-23.5154
-23.5049
-23.4944
-23.4838
-23.4732
-23.4626
-23.452
-23.4414
-23.4308
-23.4201
-23.4095
-23.3988
-23.3881
-23.3774
-23.3668
-23.3561
-23.3453
-23.3346
-23.3239
-23.3132
-23.3025
-23.2918
-23.281
-23.2703
-23.2596
-23.2489
-23.2382
-23.2275
-23.2168
-23.2061
-23.1954
-23.1847
-23.174
-23.1634
-23.1527
-23.1421
-23.1314
-23.1208
-23.1102
-23.0996
-23.089
-23.0784
-23.0679
-23.0574
-23.0468
-23.0363
-23.0259
-23.0154
-23.005
-22.9946
-22.9842
-22.9738
-22.9634
-22.9531
-22.9428
-22.9325
-22.9223
-22.912
-22.9018
-22.8917
-22.8815
-22.8714
-22.8613
-22.8513
-22.8412
-22.8312
-22.8213
-22.8113
-22.8014
-22.7916
-22.7817
-22.7719
-22.7622
-22.7524
-22.7427
-22.7331
-22.7235
-22.7139
-22.7043
-22.6948
-22.6853
-22.6759
-22.6665
-22.6572
-22.6479
-22.6386
-22.6294
-22.6202
-22.611
-22.6019
-22.5929
-22.5839
-22.5749
-22.566
-22.5571
-22.5482
-22.5395
-22.5307
-22.522
-22.5134
-22.5048
-22.4962
-22.4877
-22.4792
-22.4708
-22.4624
-22.4541
-22.4458
-22.4376
-22.4295
-22.4213
-22.4133
-22.4053
-22.3973
-22.3894
-22.3815
-22.3737
-22.3659
-22.3582
-22.3506
-22.343
-22.3354
-22.3279
-22.3205
-22.3131
-22.3058
-22.2985
-22.2913
-22.2841
-22.277
-22.2699
-22.2629
-22.256
-22.2491
-22.2423
-22.2355
-22.2288
-22.2221
-22.2155
-22.2089
-22.2024
-22.196
-22.1896
-22.1833
-22.1771
-22.1709
-22.1647
-22.1586
-22.1526
-22.1466
-22.1407
-22.1349
-22.1291
-22.1233
-22.1177
-22.1121
-22.1065
-22.101
-22.0956
-22.0902
-22.0849
-22.0797
-22.0745
-22.0693
-22.0643
-22.0593
-22.0543
-22.0494
-22.0446
-22.0399
-22.0352
-22.0305
-22.026
-22.0214
-22.017
-22.0126
-22.0083
-22.004
-21.9998
-21.9957
-21.9916
-21.9876
-21.9836
-21.9797
-21.9759
-21.9722
-21.9685
-21.9648
-21.9612
-21.9577
-21.9543
-21.9509
-21.9476
-21.9443
-21.9411
-21.938
-21.935
-21.932
-21.929
-21.9261
-21.9233
-21.9206
-21.9179
-21.9153
-21.9127
-21.9103
-21.9078
-21.9055
-21.9032
-21.9009
-21.8988
-21.8967
-21.8946
-21.8927
-21.8907
-21.8889
-21.8871
-21.8854
-21.8838
-21.8822
-21.8807
-21.8792
-21.8778
-21.8765
-21.8752
-21.874
-21.8729
-21.8718
-21.8708
-21.8699
-21.869
-21.8682
-21.8675
-21.8668
-21.8662
-21.8656
-21.8651
-21.8647
-21.8644
-21.8641
-21.8639
-21.8637
-21.8636
-21.8636
-21.8636
-21.8637
-21.8639
-21.8641
-21.8644
-21.8648
-21.8652
-21.8657
-21.8662
-21.8669
-21.8676
-21.8683
-21.8691
-21.87
-21.871
-21.872
-21.873
-21.8742
-21.8754
-21.8767
-21.878
-21.8794
-21.8809
-21.8824
-21.884
-21.8857
-21.8874
-21.8892
-21.891
-21.8929
-21.8949
-21.897
-21.8991
-21.9013
-21.9035
-21.9058
-21.9082
-21.9106
-21.9131
-21.9157
-21.9183
-21.921
-21.9237
-21.9265
-21.9294
-21.9324
-21.9354
-21.9385
-21.9416
-21.9448
-21.9481
-21.9514
-21.9548
-21.9582
-21.9618
-21.9653
-21.969
-21.9727
-21.9765
-21.9803
-21.9842
-21.9881
-21.9922
-21.9963
-22.0004
-22.0046
-22.0089
-22.0132
-22.0176
-22.0221
-22.0266
-22.0312
-22.0358
-22.0405
-22.0453
-22.0501
-22.055
-22.06
-22.065
-22.0701
-22.0752
-22.0804
-22.0857
-22.091
-22.0964
-22.1018
-22.1073
-22.1129
-22.1185
-22.1242
-22.1299
-22.1357
-22.1416
-22.1475
-22.1534
-22.1595
-22.1656
-22.1717
-22.1779
-22.1842
-22.1905
-22.1969
-22.2034
-22.2099
-22.2164
-22.223
-22.2297
-22.2364
-22.2432
-22.2501
-22.257
-22.2639
-22.2709
-22.278
-22.2851
-22.2923
-22.2995
-22.3068
-22.3142
-22.3215
-22.329
-22.3365
-22.3441
-22.3517
-22.3593
-22.367
-22.3748
-22.3826
-22.3905
-22.3984
-22.4064
-22.4144
-22.4225
-22.4306
-22.4388
-22.447
-22.4553
-22.4636
-22.472
-22.4804
-22.4889
-22.4974
-22.506
-22.5146
-22.5232
-22.532
-22.5407
-22.5495
-22.5583
-22.5672
-22.5762
-22.5851
-22.5942
-22.6032
-22.6123
-22.6215
-22.6307
-22.6399
-22.6492
-22.6585
-22.6679
-22.6773
-22.6867
-22.6962
-22.7057
-22.7152
-22.7248
-22.7344
-22.7441
-22.7538
-22.7635
-22.7733
-22.7831
-22.793
-22.8028
-22.8127
-22.8227
-22.8326
-22.8426
-22.8527
-22.8627
-22.8728
-22.883
-22.8931
-22.9033
-22.9135
-22.9237
-22.934
-22.9443
-22.9546
-22.9649
-22.9753
-22.9856
-22.996
-23.0065
-23.0169
-23.0274
-23.0378
-23.0483
-23.0589
-23.0694
-23.0799
-23.0905
-23.1011
-23.1117
-23.1223
-23.1329
-23.1436
-23.1542
-23.1649
-23.1755
-23.1862
-23.1969
-23.2076
-23.2183
-23.229
-23.2397
-23.2504
-23.2611
-23.2719
-23.2826
-23.2933
-23.304
-23.3147
-23.3254
-23.3362
-23.3469
-23.3576
-23.3683
-23.379
-23.3896
-23.4003
-23.411
-23.4216
-23.4323
-23.4429
-23.4535
-23.4641
-23.4747
-23.4853
-23.4959
-23.5064
-23.5169
-23.5274
-23.5379
-23.5484
-23.5588
-23.5692
-23.5796
-23.5899
-23.6003
-23.6105
-23.6208
-23.6311
-23.6413
-23.6514
-23.6616
-23.6717
-23.6817
-23.6918
-23.7018
-23.7117
-23.7216
-23.7315
-23.7413
-23.7511
-23.7609
-23.7706
-23.7802
-23.7898
-23.7994
-23.8089
-23.8183
-23.8277
-23.8371
-23.8463
-23.8556
-23.8648
-23.8739
-23.8829
-23.8919
-23.9009
-23.9097
-23.9186
-23.9273
-23.936
-23.9446
-23.9531
-23.9616
-23.97
-23.9784
-23.9866
-23.9948
-24.0029
-24.011
-24.0189
-24.0268
-24.0346
-24.0423
-24.05
-24.0576
-24.065
-24.0724
-24.0798
-24.087
-24.0941
-24.1012
-24.1081
-24.115
-24.1218
-24.1285
-24.1351
-24.1416
-24.148
-24.1543
-24.1605
-24.1667
-24.1727
-24.1786
-24.1844
-24.1902
-24.1958
-24.2013
-24.2067
-24.212
-24.2172
-24.2223
-24.2273
-24.2322
-24.237
-24.2417
-24.2462
-24.2507
-24.255
-24.2593
-24.2634
-24.2674
-24.2713
-24.2751
-24.2787
-24.2823
-24.2857
-24.289
-24.2922
-24.2953
-24.2983
-24.3011
-24.3039
-24.3065
-24.309
-24.3113
-24.3136
-24.3157
-24.3177
-24.3196
-24.3214
-24.3231
-24.3246
-24.326
-24.3273
-24.3284
-24.3295
-24.3304
-24.3312
-24.3318
-24.3324
-24.3328
-24.3331
-24.3333
-24.3333
-24.3333
-24.3331
-24.3327
-24.3323
-24.3317
-24.331
-24.3302
-24.3293
-24.3282
-24.3271
-24.3258
-24.3243
-24.3228
-24.3211
-24.3193
-24.3174
-24.3154
-24.3132
-24.3109
-24.3086
-24.306
-24.3034
-24.3007
-24.2978
-24.2948
-24.2917
-24.2885
-24.2851
-24.2817
-24.2781
-24.2744
-24.2706
-24.2667
-24.2627
-24.2585
-24.2543
-24.2499
-24.2455
-24.2409
-24.2362
-24.2314
-24.2265
-24.2215
-24.2163
-24.2111
-24.2058
-24.2004
-24.1948
-24.1892
-24.1834
-24.1776
-24.1717
-24.1656
-24.1595
-24.1532
-24.1469
-24.1405
-24.134
-24.1273
-24.1206
-24.1138
-24.107
-24.1
-24.0929
-24.0858
-24.0785
-24.0712
-24.0638
-24.0563
-24.0487
-24.041
-24.0333
-24.0255
-24.0176
-24.0096
-24.0015
-23.9934
-23.9852
-23.9769
-23.9686
-23.9602
-23.9517
-23.9431
-23.9345
-23.9258
-23.9171
-23.9082
-23.8993
-23.8904
-23.8814
-23.8723
-23.8632
-23.854
-23.8448
-23.8355
-23.8261
-23.8167
-23.8072
-23.7977
-23.7882
-23.7786
-23.7689
-23.7592
-23.7495
-23.7397
-23.7298
-23.72
-23.71
-23.7001
-23.6901
-23.68
-23.67
-23.6598
-23.6497
-23.6395
-23.6293
-23.6191
-23.6088
-23.5985
-23.5882
-23.5778
-23.5674
-23.557
-23.5466
-23.5361
-23.5256
-23.5151
-23.5046
-23.4941
-23.4835
-23.4729
-23.4623
-23.4517
-23.4411
-23.4305
-23.4198
-23.4092
-23.3985
-23.3878
-23.3771
-23.3664
-23.3557
-23.345
-23.3343
-23.3236
-23.3129
-23.3022
-23.2915
-23.2807
-23.27
-23.2593
-23.2486
-23.2379
-23.2272
-23.2165
-23.2058
-23.1951
-23.1844
-23.1737
-23.1631
-23.1524
-23.1418
-23.1311
-23.1205
-23.1099
-23.0993
-23.0887
-23.0781
-23.0676
-23.0571
-23.0465
-23.036
-23.0256
-23.0151
-23.0047
-22.9943
-22.9839
-22.9735
-22.9631
-22.9528
-22.9425
-22.9322
-22.922
-22.9117
-22.9015
-22.8914
-22.8812
-22.8711
-22.861
-22.851
-22.8409
-22.8309
-22.821
-22.811
-22.8011
-22.7913
-22.7814
-22.7716
-22.7619
-22.7522
-22.7425
-22.7328
-22.7232
-22.7136
-22.7041
-22.6945
-22.6851
-22.6756
-22.6663
-22.6569
-22.6476
-22.6383
-22.6291
-22.6199
-22.6108
-22.6017
-22.5926
-22.5836
-22.5746
-22.5657
-22.5568
-22.548
-22.5392
-22.5305
-22.5218
-22.5131
-22.5045
-22.4959
-22.4874
-22.479
-22.4706
-22.4622
-22.4539
-22.4456
-22.4374
-22.4292
-22.4211
-22.413
-22.405
-22.3971
-22.3892
-22.3813
-22.3735
-22.3657
-22.358
-22.3504
-22.3428
-22.3352
-22.3277
-22.3203
-22.3129
-22.3056
-22.2983
-22.2911
-22.2839
-22.2768
-22.2697
-22.2627
-22.2558
-22.2489
-22.2421
-22.2353
-22.2286
-22.2219
-22.2153
-22.2088
-22.2023
-22.1958
-22.1895
-22.1831
-22.1769
-22.1707
-22.1645
-22.1584
-22.1524
-22.1465
-22.1406
-22.1347
-22.1289
-22.1232
-22.1175
-22.1119
-22.1064
-22.1009
-22.0954
-22.0901
-22.0848
-22.0795
-22.0743
-22.0692
-22.0641
-22.0591
-22.0542
-22.0493
-22.0445
-22.0397
-22.035
-22.0304
-22.0258
-22.0213
-22.0169
-22.0125
-22.0082
-22.0039
-21.9997
-21.9956
-21.9915
-21.9875
-21.9835
-21.9796
-21.9758
-21.9721
-21.9684
-21.9647
-21.9611
-21.9576
-21.9542
-21.9508
-21.9475
-21.9442
-21.9411
-21.9379
-21.9349
-21.9319
-21.9289
-21.9261
-21.9233
-21.9205
-21.9178
-21.9152
-21.9127
-21.9102
-21.9078
-21.9054
-21.9031
-21.9009
-21.8987
-21.8966
-21.8946
-21.8926
-21.8907
-21.8889
-21.8871
-21.8854
-21.8837
-21.8821
-21.8806
-21.8792
-21.8778
-21.8764
-21.8752
-21.874
-21.8729
-21.8718
-21.8708
-21.8699
-21.869
-21.8682
-21.8674
-21.8668
-21.8661
-21.8656
-21.8651
-21.8647
-21.8644
-21.8641
-21.8638
-21.8637
-21.8636
-21.8636
-21.8636
-21.8637
-21.8639
-21.8641
-21.8644
-21.8648
-21.8652
-21.8657
-21.8663
-21.8669
-21.8676
-21.8683
-21.8692
-21.87
-21.871
-21.872
-21.8731
-21.8742
-21.8754
-21.8767
-21.878
-21.8794
-21.8809
-21.8824
-21.884
-21.8857
-21.8874
-21.8892
-21.8911
-21.893
-21.895
-21.897
-21.8991
-21.9013
-21.9036
-21.9059
-21.9082
-21.9107
-21.9132
-21.9157
-21.9184
-21.9211
-21.9238
-21.9266
-21.9295
-21.9325
-21.9355
-21.9385
-21.9417
-21.9449
-21.9482
-21.9515
-21.9549
-21.9583
-21.9619
-21.9654
-21.9691
-21.9728
-21.9766
-21.9804
-21.9843
-21.9883
-21.9923
-21.9964
-22.0005
-22.0047
-22.009
-22.0133
-22.0177
-22.0222
-22.0267
-22.0313
-22.036
-22.0407
-22.0454
-22.0503
-22.0552
-22.0601
-22.0651
-22.0702
-22.0754
-22.0806
-22.0858
-22.0911
-22.0965
-22.102
-22.1075
-22.113
-22.1186
-22.1243
-22.1301
-22.1359
-22.1417
-22.1476
-22.1536
-22.1597
-22.1658
-22.1719
-22.1781
-22.1844
-22.1907
-22.1971
-22.2036
-22.2101
-22.2166
-22.2232
-22.2299
-22.2366
-22.2434
-22.2503
-22.2572
-22.2641
-22.2711
-22.2782
-22.2853
-22.2925
-22.2997
-22.307
-22.3144
-22.3218
-22.3292
-22.3367
-22.3443
-22.3519
-22.3595
-22.3673
-22.375
-22.3829
-22.3907
-22.3986
-22.4066
-22.4146
-22.4227
-22.4309
-22.439
-22.4473
-22.4555
-22.4639
-22.4722
-22.4807
-22.4891
-22.4976
-22.5062
-22.5148
-22.5235
-22.5322
-22.541
-22.5498
-22.5586
-22.5675
-22.5764
-22.5854
-22.5944
-22.6035
-22.6126
-22.6217
-22.6309
-22.6402
-22.6495
-22.6588
-22.6681
-22.6775
-22.687
-22.6964
-22.706
-22.7155
-22.7251
-22.7347
-22.7444
-22.7541
-22.7638
-22.7736
-22.7834
-22.7932
-22.8031
-22.813
-22.823
-22.8329
-22.8429
-22.853
-22.863
-22.8731
-22.8832
-22.8934
-22.9036
-22.9138
-22.924
-22.9343
-22.9446
-22.9549
-22.9652
-22.9755
-22.9859
-22.9963
-23.0067
-23.0172
-23.0277
-23.0381
-23.0486
-23.0592
-23.0697
-23.0802
-23.0908
-23.1014
-23.112
-23.1226
-23.1332
-23.1439
-23.1545
-23.1652
-23.1758
-23.1865
-23.1972
-23.2079
-23.2186
-23.2293
-23.24
-23.2507
-23.2614
-23.2722
-23.2829
-23.2936
-23.3043
-23.315
-23.3258
-23.3365
-23.3472
-23.3579
-23.3686
-23.3793
-23.39
-23.4006
-23.4113
-23.422
-23.4326
-23.4432
-23.4538
-23.4644
-23.475
-23.4856
-23.4962
-23.5067
-23.5172
-23.5277
-23.5382
-23.5486
-23.5591
-23.5695
-23.5799
-23.5902
-23.6005
-23.6108
-23.6211
-23.6313
-23.6416
-23.6517
-23.6619
-23.672
-23.682
-23.6921
-23.7021
-23.712
-23.7219
-23.7318
-23.7416
-23.7514
-23.7611
-23.7708
-23.7805
-23.7901
-23.7996
-23.8091
-23.8186
-23.828
-23.8373
-23.8466
-23.8558
-23.865
-23.8741
-23.8832
-23.8922
-23.9011
-23.91
-23.9188
-23.9275
-23.9362
-23.9448
-23.9534
-23.9619
-23.9703
-23.9786
-23.9869
-23.995
-24.0032
-24.0112
-24.0192
-24.027
-24.0348
-24.0426
-24.0502
-24.0578
-24.0653
-24.0726
-24.08
-24.0872
-24.0943
-24.1014
-24.1083
-24.1152
-24.122
-24.1287
-24.1353
-24.1418
-24.1482
-24.1545
-24.1607
-24.1668
-24.1728
-24.1788
-24.1846
-24.1903
-24.1959
-24.2014
-24.2069
-24.2122
-24.2174
-24.2225
-24.2275
-24.2324
-24.2371
-24.2418
-24.2464
-24.2508
-24.2552
-24.2594
-24.2635
-24.2675
-24.2714
-24.2752
-24.2788
-24.2824
-24.2858
-24.2891
-24.2923
-24.2954
-24.2984
-24.3012
-24.3039
-24.3066
-24.309
-24.3114
-24.3137
-24.3158
-24.3178
-24.3197
-24.3215
-24.3231
-24.3246
-24.326
-24.3273
-24.3285
-24.3295
-24.3304
-24.3312
-24.3319
-24.3324
-24.3328
-24.3331
-24.3333
-24.3333
-24.3333
-24.3331
-24.3327
-24.3323
-24.3317
-24.331
-24.3302
-24.3293
-24.3282
-24.327
-24.3257
-24.3243
-24.3227
-24.3211
-24.3193
-24.3174
-24.3153
-24.3132
-24.3109
-24.3085
-24.306
-24.3033
-24.3006
-24.2977
-24.2947
-24.2916
-24.2884
-24.285
-24.2816
-24.278
-24.2743
-24.2705
-24.2666
-24.2626
-24.2584
-24.2542
-24.2498
-24.2453
-24.2407
-24.2361
-24.2313
-24.2263
-24.2213
-24.2162
-24.211
-24.2056
-24.2002
-24.1947
-24.189
-24.1833
-24.1774
-24.1715
-24.1654
-24.1593
-24.1531
-24.1467
-24.1403
-24.1338
-24.1272
-24.1204
-24.1136
-24.1068
-24.0998
-24.0927
-24.0855
-24.0783
-24.071
-24.0636
-24.0561
-24.0485
-24.0408
-24.0331
-24.0252
-24.0173
-24.0094
-24.0013
-23.9932
-23.985
-23.9767
-23.9684
-23.9599
-23.9514
-23.9429
-23.9343
-23.9256
-23.9168
-23.908
-23.8991
-23.8901
-23.8811
-23.8721
-23.8629
-23.8537
-23.8445
-23.8352
-23.8258
-23.8164
-23.807
-23.7975
-23.7879
-23.7783
-23.7686
-23.7589
-23.7492
-23.7394
-23.7296
-23.7197
-23.7097
-23.6998
-23.6898
-23.6797
-23.6697
-23.6596
-23.6494
-23.6392
-23.629
-23.6188
-23.6085
-23.5982
-23.5879
-23.5775
-23.5671
-23.5567
-23.5463
-23.5358
-23.5253
-23.5148
-23.5043
-23.4938
-23.4832
-23.4726
-23.462
-23.4514
-23.4408
-23.4302
-23.4195
-23.4089
-23.3982
-23.3875
-23.3768
-23.3661
-23.3554
-23.3447
-23.334
-23.3233
-23.3126
-23.3019
-23.2912
-23.2804
-23.2697
-23.259
-23.2483
-23.2376
-23.2269
-23.2162
-23.2055
-23.1948
-23.1841
-23.1734
-23.1628
-23.1521
-23.1414
-23.1308
-23.1202
-23.1096
-23.099
-23.0884
-23.0778
-23.0673
-23.0568
-23.0462
-23.0358
-23.0253
-23.0148
-23.0044
-22.994
-22.9836
-22.9732
-22.9628
-22.9525
-22.9422
-22.9319
-22.9217
-22.9115
-22.9013
-22.8911
-22.8809
-22.8708
-22.8607
-22.8507
-22.8407
-22.8307
-22.8207
-22.8108
-22.8009
-22.791
-22.7812
-22.7714
-22.7616
-22.7519
-22.7422
-22.7325
-22.7229
-22.7133
-22.7038
-22.6943
-22.6848
-22.6754
-22.666
-22.6566
-22.6473
-22.6381
-22.6288
-22.6197
-22.6105
-22.6014
-22.5924
-22.5834
-22.5744
-22.5655
-22.5566
-22.5477
-22.539
-22.5302
-22.5215
-22.5129
-22.5043
-22.4957
-22.4872
-22.4787
-22.4703
-22.462
-22.4536
-22.4454
-22.4372
-22.429
-22.4209
-22.4128
-22.4048
-22.3968
-22.3889
-22.3811
-22.3733
-22.3655
-22.3578
-22.3501
-22.3425
-22.335
-22.3275
-22.3201
-22.3127
-22.3054
-22.2981
-22.2909
-22.2837
-22.2766
-22.2695
-22.2625
-22.2556
-22.2487
-22.2419
-22.2351
-22.2284
-22.2217
-22.2151
-22.2086
-22.2021
-22.1956
-22.1893
-22.183
-22.1767
-22.1705
-22.1644
-22.1583
-22.1523
-22.1463
-22.1404
-22.1345
-22.1287
-22.123
-22.1174
-22.1117
-22.1062
-22.1007
-22.0953
-22.0899
-22.0846
-22.0794
-22.0742
-22.0691
-22.064
-22.059
-22.054
-22.0492
-22.0444
-22.0396
-22.0349
-22.0303
-22.0257
-22.0212
-22.0167
-22.0124
-22.008
-22.0038
-21.9996
-21.9954
-21.9914
-21.9874
-21.9834
-21.9795
-21.9757
-21.9719
-21.9682
-21.9646
-21.961
-21.9575
-21.9541
-21.9507
-21.9474
-21.9442
-21.941
-21.9378
-21.9348
-21.9318
-21.9289
-21.926
-21.9232
-21.9204
-21.9178
-21.9151
-21.9126
-21.9101
-21.9077
-21.9053
-21.903
-21.9008
-21.8987
-21.8966
-21.8945
-21.8925
-21.8906
-21.8888
-21.887
-21.8853
-21.8837
-21.8821
-21.8806
-21.8791
-21.8777
-21.8764
-21.8751
-21.874
-21.8728
-21.8718
-21.8708
-21.8698
-21.869
-21.8682
-21.8674
-21.8667
-21.8661
-21.8656
-21.8651
-21.8647
-21.8643
-21.8641
-21.8638
-21.8637
-21.8636
-21.8636
-21.8636
-21.8637
-21.8639
-21.8641
-21.8644
-21.8648
-21.8652
-21.8657
-21.8663
-21.8669
-21.8676
-21.8684
-21.8692
-21.8701
-21.871
-21.872
-21.8731
-21.8743
-21.8755
-21.8767
-21.8781
-21.8795
-21.881
-21.8825
-21.8841
-21.8857
-21.8875
-21.8893
-21.8911
-21.893
-21.895
-21.8971
-21.8992
-21.9014
-21.9036
-21.9059
-21.9083
-21.9107
-21.9132
-21.9158
-21.9184
-21.9211
-21.9239
-21.9267
-21.9296
-21.9325
-21.9356
-21.9386
-21.9418
-21.945
-21.9482
-21.9516
-21.955
-21.9584
-21.962
-21.9655
-21.9692
-21.9729
-21.9767
-21.9805
-21.9844
-21.9884
-21.9924
-21.9965
-22.0006
-22.0049
-22.0091
-22.0135
-22.0179
-22.0223
-22.0269
-22.0314
-22.0361
-22.0408
-22.0456
-22.0504
-22.0553
-22.0603
-22.0653
-22.0704
-22.0755
-22.0807
-22.086
-22.0913
-22.0967
-22.1021
-22.1076
-22.1132
-22.1188
-22.1245
-22.1302
-22.136
-22.1419
-22.1478
-22.1538
-22.1598
-22.1659
-22.1721
-22.1783
-22.1846
-22.1909
-22.1973
-22.2037
-22.2102
-22.2168
-22.2234
-22.2301
-22.2368
-22.2436
-22.2505
-22.2574
-22.2643
-22.2713
-22.2784
-22.2855
-22.2927
-22.2999
-22.3072
-22.3146
-22.322
-22.3294
-22.3369
-22.3445
-22.3521
-22.3598
-22.3675
-22.3753
-22.3831
-22.3909
-22.3989
-22.4068
-22.4149
-22.423
-22.4311
-22.4393
-22.4475
-22.4558
-22.4641
-22.4725
-22.4809
-22.4894
-22.4979
-22.5065
-22.5151
-22.5237
-22.5324
-22.5412
-22.55
-22.5588
-22.5677
-22.5767
-22.5857
-22.5947
-22.6037
-22.6129
-22.622
-22.6312
-22.6404
-22.6497
-22.659
-22.6684
-22.6778
-22.6872
-22.6967
-22.7062
-22.7158
-22.7254
-22.735
-22.7447
-22.7544
-22.7641
-22.7739
-22.7837
-22.7935
-22.8034
-22.8133
-22.8232
-22.8332
-22.8432
-22.8533
-22.8633
-22.8734
-22.8835
-22.8937
-22.9039
-22.9141
-22.9243
-22.9346
-22.9448
-22.9552
-22.9655
-22.9758
-22.9862
-22.9966
-23.007
-23.0175
-23.028
-23.0384
-23.0489
-23.0595
-23.07
-23.0805
-23.0911
-23.1017
-23.1123
-23.1229
-23.1335
-23.1442
-23.1548
-23.1655
-23.1761
-23.1868
-23.1975
-23.2082
-23.2189
-23.2296
-23.2403
-23.251
-23.2617
-23.2725
-23.2832
-23.2939
-23.3046
-23.3153
-23.3261
-23.3368
-23.3475
-23.3582
-23.3689
-23.3796
-23.3903
-23.4009
-23.4116
-23.4223
-23.4329
-23.4435
-23.4541
-23.4648
-23.4753
-23.4859
-23.4965
-23.507
-23.5175
-23.528
-23.5385
-23.5489
-23.5594
-23.5698
-23.5802
-23.5905
-23.6008
-23.6111
-23.6214
-23.6316
-23.6418
-23.652
-23.6622
-23.6723
-23.6823
-23.6923
-23.7023
-23.7123
-23.7222
-23.7321
-23.7419
-23.7517
-23.7614
-23.7711
-23.7808
-23.7904
-23.7999
-23.8094
-23.8189
-23.8282
-23.8376
-23.8469
-23.8561
-23.8653
-23.8744
-23.8834
-23.8924
-23.9014
-23.9102
-23.9191
-23.9278
-23.9365
-23.9451
-23.9536
-23.9621
-23.9705
-23.9788
-23.9871
-23.9953
-24.0034
-24.0114
-24.0194
-24.0273
-24.0351
-24.0428
-24.0504
-24.058
-24.0655
-24.0729
-24.0802
-24.0874
-24.0945
-24.1016
-24.1085
-24.1154
-24.1222
-24.1289
-24.1355
-24.142
-24.1484
-24.1547
-24.1609
-24.167
-24.173
-24.1789
-24.1848
-24.1905
-24.1961
-24.2016
-24.207
-24.2123
-24.2175
-24.2226
-24.2276
-24.2325
-24.2373
-24.2419
-24.2465
-24.2509
-24.2553
-24.2595
-24.2636
-24.2676
-24.2715
-24.2753
-24.2789
-24.2825
-24.2859
-24.2892
-24.2924
-24.2955
-24.2985
-24.3013
-24.304
-24.3066
-24.3091
-24.3115
-24.3137
-24.3159
-24.3179
-24.3197
-24.3215
-24.3231
-24.3247
-24.3261
-24.3273
-24.3285
-24.3295
-24.3304
-24.3312
-24.3319
-24.3324
-24.3328
-24.3331
-24.3333
-24.3333
-24.3333
-24.333
-24.3327
-24.3323
-24.3317
-24.331
-24.3302
-24.3292
-24.3282
-24.327
-24.3257
-24.3242
-24.3227
-24.321
-24.3192
-24.3173
-24.3153
-24.3131
-24.3108
-24.3084
-24.3059
-24.3033
-24.3005
-24.2976
-24.2946
-24.2915
-24.2883
-24.2849
-24.2815
-24.2779
-24.2742
-24.2704
-24.2665
-24.2625
-24.2583
-24.2541
-24.2497
-24.2452
-24.2406
-24.2359
-24.2311
-24.2262
-24.2212
-24.2161
-24.2108
-24.2055
-24.2
-24.1945
-24.1889
-24.1831
-24.1773
-24.1713
-24.1653
-24.1591
-24.1529
-24.1465
-24.1401
-24.1336
-24.127
-24.1203
-24.1135
-24.1066
-24.0996
-24.0925
-24.0853
-24.0781
-24.0708
-24.0633
-24.0558
-24.0483
-24.0406
-24.0329
-24.025
-24.0171
-24.0091
-24.0011
-23.993
-23.9847
-23.9765
-23.9681
-23.9597
-23.9512
-23.9426
-23.934
-23.9253
-23.9166
-23.9077
-23.8988
-23.8899
-23.8809
-23.8718
-23.8627
-23.8535
-23.8442
-23.8349
-23.8256
-23.8162
-23.8067
-23.7972
-23.7876
-23.778
-23.7684
-23.7587
-23.7489
-23.7391
-23.7293
-23.7194
-23.7095
-23.6995
-23.6895
-23.6795
-23.6694
-23.6593
-23.6491
-23.6389
-23.6287
-23.6185
-23.6082
-23.5979
-23.5876
-23.5772
-23.5668
-23.5564
-23.546
-23.5355
-23.525
-23.5145
-23.504
-23.4935
-23.4829
-23.4723
-23.4617
-23.4511
-23.4405
-23.4299
-23.4192
-23.4086
-23.3979
-23.3872
-23.3765
-23.3658
-23.3551
-23.3444
-23.3337
-23.323
-23.3123
-23.3016
-23.2909
-23.2801
-23.2694
-23.2587
-23.248
-23.2373
-23.2266
-23.2159
-23.2052
-23.1945
-23.1838
-23.1731
-23.1624
-23.1518
-23.1411
-23.1305
-23.1199
-23.1093
-23.0987
-23.0881
-23.0775
-23.067
-23.0565
-23.0459
-23.0355
-23.025
-23.0145
-23.0041
-22.9937
-22.9833
-22.9729
-22.9625
-22.9522
-22.9419
-22.9316
-22.9214
-22.9112
-22.901
-22.8908
-22.8806
-22.8705
-22.8604
-22.8504
-22.8404
-22.8304
-22.8204
-22.8105
-22.8006
-22.7907
-22.7809
-22.7711
-22.7613
-22.7516
-22.7419
-22.7323
-22.7226
-22.7131
-22.7035
-22.694
-22.6845
-22.6751
-22.6657
-22.6564
-22.6471
-22.6378
-22.6286
-22.6194
-22.6103
-22.6012
-22.5921
-22.5831
-22.5741
-22.5652
-22.5563
-22.5475
-22.5387
-22.53
-22.5213
-22.5126
-22.504
-22.4955
-22.487
-22.4785
-22.4701
-22.4617
-22.4534
-22.4451
-22.4369
-22.4288
-22.4207
-22.4126
-22.4046
-22.3966
-22.3887
-22.3808
-22.373
-22.3653
-22.3576
-22.3499
-22.3423
-22.3348
-22.3273
-22.3199
-22.3125
-22.3052
-22.2979
-22.2907
-22.2835
-22.2764
-22.2693
-22.2623
-22.2554
-22.2485
-22.2417
-22.2349
-22.2282
-22.2215
-22.2149
-22.2084
-22.2019
-22.1955
-22.1891
-22.1828
-22.1765
-22.1703
-22.1642
-22.1581
-22.1521
-22.1461
-22.1402
-22.1344
-22.1286
-22.1229
-22.1172
-22.1116
-22.106
-22.1006
-22.0951
-22.0898
-22.0845
-22.0792
-22.074
-22.0689
-22.0638
-22.0588
-22.0539
-22.049
-22.0442
-22.0395
-22.0348
-22.0301
-22.0256
-22.0211
-22.0166
-22.0122
-22.0079
-22.0037
-21.9995
-21.9953
-21.9913
-21.9872
-21.9833
-21.9794
-21.9756
-21.9718
-21.9681
-21.9645
-21.9609
-21.9574
-21.954
-21.9506
-21.9473
-21.9441
-21.9409
-21.9378
-21.9347
-21.9317
-21.9288
-21.9259
-21.9231
-21.9204
-21.9177
-21.9151
-21.9125
-21.91
-21.9076
-21.9053
-21.903
-21.9008
-21.8986
-21.8965
-21.8945
-21.8925
-21.8906
-21.8888
-21.887
-21.8853
-21.8836
-21.882
-21.8805
-21.8791
-21.8777
-21.8764
-21.8751
-21.8739
-21.8728
-21.8717
-21.8707
-21.8698
-21.8689
-21.8681
-21.8674
-21.8667
-21.8661
-21.8656
-21.8651
-21.8647
-21.8643
-21.8641
-21.8638
-21.8637
-21.8636
-21.8636
-21.8636
-21.8637
-21.8639
-21.8641
-21.8644
-21.8648
-21.8652
-21.8657
-21.8663
-21.8669
-21.8676
-21.8684
-21.8692
-21.8701
-21.871
-21.8721
-21.8731
-21.8743
-21.8755
-21.8768
-21.8781
-21.8795
-21.881
-21.8825
-21.8841
-21.8858
-21.8875
-21.8893
-21.8912
-21.8931
-21.8951
-21.8971
-21.8993
-21.9014
-21.9037
-21.906
-21.9084
-21.9108
-21.9133
-21.9159
-21.9185
-21.9212
-21.924
-21.9268
-21.9297
-21.9326
-21.9356
-21.9387
-21.9419
-21.9451
-21.9483
-21.9517
-21.9551
-21.9585
-21.9621
-21.9656
-21.9693
-21.973
-21.9768
-21.9806
-21.9845
-21.9885
-21.9925
-21.9966
-22.0008
-22.005
-22.0093
-22.0136
-22.018
-22.0225
-22.027
-22.0316
-22.0362
-22.0409
-22.0457
-22.0506
-22.0554
-22.0604
-22.0654
-22.0705
-22.0756
-22.0809
-22.0861
-22.0914
-22.0968
-22.1023
-22.1078
-22.1133
-22.119
-22.1246
-22.1304
-22.1362
-22.1421
-22.148
-22.154
-22.16
-22.1661
-22.1723
-22.1785
-22.1847
-22.1911
-22.1975
-22.2039
-22.2104
-22.217
-22.2236
-22.2303
-22.237
-22.2438
-22.2507
-22.2576
-22.2645
-22.2715
-22.2786
-22.2857
-22.2929
-22.3001
-22.3074
-22.3148
-22.3222
-22.3296
-22.3371
-22.3447
-22.3523
-22.36
-22.3677
-22.3755
-22.3833
-22.3912
-22.3991
-22.4071
-22.4151
-22.4232
-22.4313
-22.4395
-22.4477
-22.456
-22.4643
-22.4727
-22.4811
-22.4896
-22.4981
-22.5067
-22.5153
-22.524
-22.5327
-22.5415
-22.5503
-22.5591
-22.568
-22.5769
-22.5859
-22.5949
-22.604
-22.6131
-22.6223
-22.6315
-22.6407
-22.65
-22.6593
-22.6687
-22.6781
-22.6875
-22.697
-22.7065
-22.716
-22.7256
-22.7353
-22.7449
-22.7546
-22.7644
-22.7742
-22.784
-22.7938
-22.8037
-22.8136
-22.8235
-22.8335
-22.8435
-22.8535
-22.8636
-22.8737
-22.8838
-22.894
-22.9042
-22.9144
-22.9246
-22.9349
-22.9451
-22.9554
-22.9658
-22.9761
-22.9865
-22.9969
-23.0073
-23.0178
-23.0283
-23.0387
-23.0492
-23.0598
-23.0703
-23.0808
-23.0914
-23.102
-23.1126
-23.1232
-23.1338
-23.1445
-23.1551
-23.1658
-23.1765
-23.1871
-23.1978
-23.2085
-23.2192
-23.2299
-23.2406
-23.2513
-23.262
-23.2728
-23.2835
-23.2942
-23.3049
-23.3156
-23.3264
-23.3371
-23.3478
-23.3585
-23.3692
-23.3799
-23.3906
-23.4012
-23.4119
-23.4226
-23.4332
-23.4438
-23.4544
-23.4651
-23.4756
-23.4862
-23.4968
-23.5073
-23.5178
-23.5283
-23.5388
-23.5492
-23.5597
-23.5701
-23.5805
-23.5908
-23.6011
-23.6114
-23.6217
-23.6319
-23.6421
-23.6523
-23.6624
-23.6725
-23.6826
-23.6926
-23.7026
-23.7126
-23.7225
-23.7324
-23.7422
-23.752
-23.7617
-23.7714
-23.781
-23.7906
-23.8002
-23.8097
-23.8191
-23.8285
-23.8379
-23.8471
-23.8564
-23.8655
-23.8746
-23.8837
-23.8927
-23.9016
-23.9105
-23.9193
-23.928
-23.9367
-23.9453
-23.9539
-23.9623
-23.9707
-23.9791
-23.9873
-23.9955
-24.0036
-24.0116
-24.0196
-24.0275
-24.0353
-24.043
-24.0506
-24.0582
-24.0657
-24.0731
-24.0804
-24.0876
-24.0947
-24.1018
-24.1087
-24.1156
-24.1224
-24.1291
-24.1356
-24.1421
-24.1485
-24.1548
-24.1611
-24.1672
-24.1732
-24.1791
-24.1849
-24.1906
-24.1962
-24.2018
-24.2072
-24.2125
-24.2177
-24.2228
-24.2277
-24.2326
-24.2374
-24.2421
-24.2466
-24.2511
-24.2554
-24.2596
-24.2637
-24.2677
-24.2716
-24.2754
-24.279
-24.2826
-24.286
-24.2893
-24.2925
-24.2956
-24.2985
-24.3014
-24.3041
-24.3067
-24.3092
-24.3115
-24.3138
-24.3159
-24.3179
-24.3198
-24.3216
-24.3232
-24.3247
-24.3261
-24.3274
-24.3285
-24.3296
-24.3305
-24.3312
-24.3319
-24.3324
-24.3328
-24.3331
-24.3333
-24.3333
-24.3332
-24.333
-24.3327
-24.3323
-24.3317
-24.331
-24.3302
-24.3292
-24.3281
-24.327
-24.3256
-24.3242
-24.3226
-24.321
-24.3192
-24.3172
-24.3152
-24.313
-24.3108
-24.3083
-24.3058
-24.3032
-24.3004
-24.2975
-24.2945
-24.2914
-24.2882
-24.2848
-24.2814
-24.2778
-24.2741
-24.2703
-24.2664
-24.2623
-24.2582
-24.2539
-24.2496
-24.2451
-24.2405
-24.2358
-24.231
-24.2261
-24.221
-24.2159
-24.2107
-24.2053
-24.1999
-24.1943
-24.1887
-24.1829
-24.1771
-24.1711
-24.1651
-24.159
-24.1527
-24.1464
-24.1399
-24.1334
-24.1268
-24.1201
-24.1133
-24.1064
-24.0994
-24.0923
-24.0851
-24.0779
-24.0706
-24.0631
-24.0556
-24.048
-24.0404
-24.0326
-24.0248
-24.0169
-24.0089
-24.0009
-23.9927
-23.9845
-23.9762
-23.9679
-23.9595
-23.951
-23.9424
-23.9338
-23.9251
-23.9163
-23.9075
-23.8986
-23.8896
-23.8806
-23.8715
-23.8624
-23.8532
-23.844
-23.8347
-23.8253
-23.8159
-23.8064
-23.7969
-23.7874
-23.7777
-23.7681
-23.7584
-23.7486
-23.7388
-23.729
-23.7191
-23.7092
-23.6992
-23.6892
-23.6792
-23.6691
-23.659
-23.6488
-23.6387
-23.6284
-23.6182
-23.6079
-23.5976
-23.5873
-23.5769
-23.5665
-23.5561
-23.5457
-23.5352
-23.5247
-23.5142
-23.5037
-23.4932
-23.4826
-23.472
-23.4614
-23.4508
-23.4402
-23.4296
-23.4189
-23.4083
-23.3976
-23.3869
-23.3762
-23.3655
-23.3548
-23.3441
-23.3334
-23.3227
-23.312
-23.3013
-23.2905
-23.2798
-23.2691
-23.2584
-23.2477
-23.237
-23.2263
-23.2156
-23.2049
-23.1942
-23.1835
-23.1728
-23.1621
-23.1515
-23.1408
-23.1302
-23.1196
-23.109
-23.0984
-23.0878
-23.0772
-23.0667
-23.0562
-23.0457
-23.0352
-23.0247
-23.0142
-23.0038
-22.9934
-22.983
-22.9726
-22.9623
-22.9519
-22.9416
-22.9313
-22.9211
-22.9109
-22.9007
-22.8905
-22.8804
-22.8702
-22.8602
-22.8501
-22.8401
-22.8301
-22.8201
-22.8102
-22.8003
-22.7904
-22.7806
-22.7708
-22.7611
-22.7513
-22.7416
-22.732
-22.7224
-22.7128
-22.7032
-22.6937
-22.6843
-22.6748
-22.6655
-22.6561
-22.6468
-22.6375
-22.6283
-22.6191
-22.61
-22.6009
-22.5919
-22.5828
-22.5739
-22.565
-22.5561
-22.5472
-22.5385
-22.5297
-22.521
-22.5124
-22.5038
-22.4952
-22.4867
-22.4783
-22.4698
-22.4615
-22.4532
-22.4449
-22.4367
-22.4285
-22.4204
-22.4124
-22.4043
-22.3964
-22.3885
-22.3806
-22.3728
-22.3651
-22.3574
-22.3497
-22.3421
-22.3346
-22.3271
-22.3197
-22.3123
-22.3049
-22.2977
-22.2905
-22.2833
-22.2762
-22.2691
-22.2621
-22.2552
-22.2483
-22.2415
-22.2347
-22.228
-22.2213
-22.2147
-22.2082
-22.2017
-22.1953
-22.1889
-22.1826
-22.1763
-22.1701
-22.164
-22.1579
-22.1519
-22.146
-22.14
-22.1342
-22.1284
-22.1227
-22.117
-22.1114
-22.1059
-22.1004
-22.095
-22.0896
-22.0843
-22.0791
-22.0739
-22.0688
-22.0637
-22.0587
-22.0538
-22.0489
-22.0441
-22.0393
-22.0346
-22.03
-22.0254
-22.0209
-22.0165
-22.0121
-22.0078
-22.0035
-21.9993
-21.9952
-21.9911
-21.9871
-21.9832
-21.9793
-21.9755
-21.9717
-21.968
-21.9644
-21.9608
-21.9573
-21.9539
-21.9505
-21.9472
-21.944
-21.9408
-21.9377
-21.9346
-21.9316
-21.9287
-21.9258
-21.923
-21.9203
-21.9176
-21.915
-21.9125
-21.91
-21.9076
-21.9052
-21.9029
-21.9007
-21.8985
-21.8964
-21.8944
-21.8924
-21.8905
-21.8887
-21.8869
-21.8852
-21.8836
-21.882
-21.8805
-21.879
-21.8777
-21.8763
-21.8751
-21.8739
-21.8728
-21.8717
-21.8707
-21.8698
-21.8689
-21.8681
-21.8674
-21.8667
-21.8661
-21.8656
-21.8651
-21.8647
-21.8643
-21.864
-21.8638
-21.8637
-21.8636
-21.8636
-21.8636
-21.8637
-21.8639
-21.8641
-21.8644
-21.8648
-21.8653
-21.8658
-21.8663
-21.8669
-21.8676
-21.8684
-21.8692
-21.8701
-21.8711
-21.8721
-21.8732
-21.8743
-21.8755
-21.8768
-21.8782
-21.8796
-21.881
-21.8826
-21.8842
-21.8858
-21.8876
-21.8894
-21.8912
-21.8932
-21.8951
-21.8972
-21.8993
-21.9015
-21.9038
-21.9061
-21.9084
-21.9109
-21.9134
-21.916
-21.9186
-21.9213
-21.924
-21.9269
-21.9298
-21.9327
-21.9357
-21.9388
-21.942
-21.9452
-21.9484
-21.9518
-21.9552
-21.9586
-21.9622
-21.9657
-21.9694
-21.9731
-21.9769
-21.9807
-21.9846
-21.9886
-21.9926
-21.9967
-22.0009
-22.0051
-22.0094
-22.0137
-22.0181
-22.0226
-22.0271
-22.0317
-22.0364
-22.0411
-22.0459
-22.0507
-22.0556
-22.0605
-22.0656
-22.0707
-22.0758
-22.081
-22.0863
-22.0916
-22.097
-22.1024
-22.1079
-22.1135
-22.1191
-22.1248
-22.1306
-22.1364
-22.1422
-22.1481
-22.1541
-22.1602
-22.1663
-22.1724
-22.1787
-22.1849
-22.1913
-22.1977
-22.2041
-22.2106
-22.2172
-22.2238
-22.2305
-22.2372
-22.244
-22.2509
-22.2578
-22.2647
-22.2717
-22.2788
-22.2859
-22.2931
-22.3004
-22.3076
-22.315
-22.3224
-22.3298
-22.3374
-22.3449
-22.3525
-22.3602
-22.3679
-22.3757
-22.3835
-22.3914
-22.3993
-22.4073
-22.4153
-22.4234
-22.4315
-22.4397
-22.448
-22.4562
-22.4646
-22.473
-22.4814
-22.4899
-22.4984
-22.507
-22.5156
-22.5242
-22.5329
-22.5417
-22.5505
-22.5594
-22.5682
-22.5772
-22.5862
-22.5952
-22.6043
-22.6134
-22.6225
-22.6317
-22.641
-22.6502
-22.6596
-22.6689
-22.6783
-22.6878
-22.6972
-22.7068
-22.7163
-22.7259
-22.7355
-22.7452
-22.7549
-22.7647
-22.7744
-22.7842
-22.7941
-22.804
-22.8139
-22.8238
-22.8338
-22.8438
-22.8538
-22.8639
-22.874
-22.8841
-22.8943
-22.9044
-22.9146
-22.9249
-22.9351
-22.9454
-22.9557
